0	0.063692	0.088185
0.01	0.0762917468106667	0.0803424278858333
0.02	0.0886420018348197	0.072577890671298
0.03	0.100747705342488	0.0648906118961368
0.04	0.112613699779766	0.0572798228260016
0.05	0.12424473170586	0.0497447623755791
0.07	0.146820426181407	0.0348988207818956
0.08	0.15777411931578	0.027586455031979
0.09	0.168510914721168	0.0203468485400016
0.1	0.179035107261803	0.0131792773392205
0.11	0.189350906757876	0.00608302466648236
0.12	0.199462439669528	-0.000942619109453251
0.13	0.209373750747485	-0.00789835655887767
0.14	0.219088804651017	-0.0147848832613907
0.15	0.228611487533854	-0.0216028878754594
0.16	0.237945608598701	-0.0283530522072839
0.17	0.247094901620968	-0.0350360512789794
0.18	0.256063026442337	-0.0416525533960783
0.19	0.264853570434744	-0.0482032202143618
0.2	0.273470049935375	-0.0546887068060255
0.21	0.281915911653255	-0.0611096617251878
0.22	0.290194534047972	-0.0674667270727452
0.23	0.29830922868111	-0.0737605385605835
0.24	0.306263241540919	-0.0799917255751493
0.25	0.314059754340753	-0.086160911240389
0.26	0.321701885791801	-0.0922687124800619
0.27	0.329192692850609	-0.0983157400794332
0.28	0.336535171941909	-0.104302598746353
0.29	0.34373226015723	-0.110229887171727
0.3	0.35078683642977	-0.116098198089387
0.31	0.357701722686012	-0.121908118335365
0.32	0.364479684974532	-0.127660228906575
0.33	0.371123434572457	-0.133355105018916
0.34	0.377635629070009	-0.138993316164794
0.35	0.384018873433584	-0.144575426170068
0.36	0.390275721047768	-0.150101993250438
0.37	0.396408674736727	-0.155573570067264
0.38	0.402420187765374	-0.160990703782833
0.39	0.408312664820703	-0.166353936115077
0.4	0.4140884629737	-0.171663803391742
0.41	0.419749892622203	-0.176920836604027
0.42	0.425299218415093	-0.182125561459678
0.43	0.430738660158183	-0.18727849843556
0.44	0.436070393702171	-0.19238016282971
0.45	0.44129655181301	-0.197431064812861
0.46	0.446419225025043	-0.202431709479462
0.47	0.451440462477247	-0.20738259689819
0.48	0.456362272732914	-0.212284222161953
0.49	0.461186624583106	-0.217137075437405
0.5	0.465915447834194	-0.221941642013957
0.51	0.470550634079813	-0.226698402352311
0.52	0.475094037457521	-0.231407832132505
0.53	0.479547475390479	-0.236070402301481
0.54	0.483912729314447	-0.240686579120181
0.55	0.488191545390382	-0.245256824210172
0.56	0.492385635202925	-0.24978159459981
0.57	0.49649667644506	-0.254261342769943
0.58	0.500526313589212	-0.258696516699158
0.59	0.504476158545061	-0.263087559908582
0.6	0.508347791304324	-0.267434911506232
0.61	0.512142760572777	-0.271739006230926
0.62	0.515862584389755	-0.276000274495761
0.63	0.519508750735392	-0.280219142431149
0.64	0.52308271812583	-0.284396031927435
0.65	0.526585916196648	-0.288531360677085
0.66	0.530019746274733	-0.292625542216455
0.67	0.533385581938831	-0.296678985967144
0.68	0.536684769569	-0.30069209727694
0.69	0.539918628885174	-0.304665277460351
0.7	0.543088453475076	-0.308598923838741
0.71	0.546195511311665	-0.312493429780059
0.72	0.549241045260345	-0.316349184738175
0.73	0.55222627357613	-0.320166574291833
0.74	0.555152390390958	-0.3239459801832
0.75	0.558020566191363	-0.327687780356047
0.76	0.560831948286686	-0.331392348993541
0.77	0.563587661268012	-0.335060056555664
0.78	0.566288807458024	-0.338691269816259
0.79	0.568936467351945	-0.342286351899709
0.8	0.571531700049753	-0.345845662317248
0.81	0.574075543679835	-0.349369557002915
0.82	0.576569015814249	-0.352858388349143
0.83	0.579013113875773	-0.356312505242004
0.84	0.581408815536881	-0.359732253096095
0.85	0.58375707911083	-0.36311797388908
0.86	0.586058843934996	-0.366470006195888
0.87	0.588315030746625	-0.369788685222572
0.88	0.590526542051134	-0.373074342839826
0.89	0.592694262483132	-0.376327307616179
0.9	0.594819059160283	-0.379547904850847
0.91	0.596901782030164	-0.382736456606264
0.92	0.598943264210257	-0.385893281740289
0.93	0.600944322321208	-0.389018695938092
0.94	0.602905756813485	-0.392113011743726
0.95	0.604828352287569	-0.395176538591374
0.96	0.606712877807806	-0.3982095828363
0.97	0.608560087210041	-0.401212447785481
0.98	0.610370719403166	-0.404185433727941
0.99	0.61214549866469	-0.407128837964776
1	0.613885134930465	-0.410042954838887
1.01	0.615590324078662	-0.412928075764414
1.02	0.617261748208139	-0.415784489255879
1.03	0.618900075911286	-0.418612480957035
1.04	0.620505962541475	-0.421412333669432
1.05	0.622080050475204	-0.424184327380699
1.06	0.623622969369061	-0.42692873929254
1.07	0.625135336411594	-0.429645843848456
1.08	0.626617756570196	-0.43233591276119
1.09	0.628070822833098	-0.434999215039897
1.1	0.629495116446572	-0.437636017017047
1.11	0.630891207147441	-0.440246582375058
1.12	0.632259653390979	-0.442831172172663
1.13	0.6336010025743	-0.445390044871016
1.14	0.634915791255325	-0.447923456359542
1.15	0.636204545367415	-0.450431659981522
1.16	0.637467780429746	-0.452914906559429
1.17	0.63870600175353	-0.455373444420012
1.18	0.639919704644141	-0.457807519419125
1.19	0.613387507932581	-0.446287141632985
1.2	0.587380684092172	-0.43488139352588
1.21	0.561888830039568	-0.423589134513398
1.22	0.536901748686344	-0.412409235360134
1.23	0.512409444860023	-0.401340578066762
1.24	0.488402121305868	-0.390382055758234
1.25	0.46487017476785	-0.379532572573097
1.26	0.441804192147214	-0.3687910435539
1.27	0.41919494673711	-0.358156394538698
1.28	0.397033394531786	-0.347627562053639
1.29	0.375310670608864	-0.337203493206611
1.3	0.354018085583247	-0.326883145581956
1.31	0.333147122131252	-0.316665487136225
1.32	0.312689431583557	-0.306549496094972
1.33	0.292636830585627	-0.296534160850577
1.34	0.272981297824257	-0.286618479861087
1.35	0.25371497081894	-0.276801461550056
1.36	0.234830142776764	-0.26708212420739
1.37	0.216319259509593	-0.257459495891172
1.38	0.198174916412291	-0.247932614330472
1.39	0.180389855500772	-0.238500526829115
1.4	0.162956962508716	-0.229162290170411
1.41	0.14586926404176	-0.219916970522834
1.42	0.129119924788048	-0.210763643346636
1.43	0.112702244784012	-0.201701393301397
1.44	0.0966096567342953	-0.192729314154482
1.45	0.0808357233847473	-0.183846508690426
1.46	0.0653741349474314	-0.175052088621205
1.47	0.0502187065766257	-0.166345174497409
1.48	0.0353633758947997	-0.157724895620298
1.49	0.0208022005675815	-0.149190389954726
1.5	0.00652935592674262	-0.140740804042945
1.51	-0.00746086735974812	-0.132375292919251
1.52	-0.0211740655715353	-0.124093020025489
1.53	-0.0346157241744648	-0.115893157127398
1.54	-0.0477912200148448	-0.107774884231788
1.55	-0.0607058234702575	-0.0997373895045341
1.56	-0.0733647005577818	-0.0917798691893991
1.57	-0.0857729150004703	-0.083901527527653
1.58	-0.0979354302529077	-0.0761015766784983
1.59	-0.10985711148666	-0.0683792366402844
1.6	-0.121542727536409	-0.0607337351725075
1.61	-0.132996952807551	-0.0531643077185852
1.62	-0.144224369146024	-0.0456701973294007
1.63	-0.155229467671108	-0.0382506545876069
1.64	-0.166016650571929	-0.0309049375326844
1.65	-0.176590232868404	-0.0236323115867446
1.66	-0.1869544441373	-0.0164320494810713
1.67	-0.197113430204122	-0.00930343118339304
1.68	-0.207071254801507	-0.00224574382587975
1.69	-0.216831901194764	0.00474171836614506
1.7	-0.226399273775239	0.0116596541447822
1.71	-0.235777199622125	0.0185087553094326
1.72	-0.24496943003334	0.0252897067759778
1.73	-0.253979642026107	0.0320031866452724
1.74	-0.262811439807801	0.0386498662709542
1.75	-0.271468356217687	0.0452304103265805
1.76	-0.279953854140101	0.0517454768720959
1.77	-0.288271327889655	0.0581957174196391
1.78	-0.296424104569003	0.0645817769986941
1.79	-0.304415445399731	0.0709042942205943
1.8	-0.312248547026889	0.0771639013423837
1.81	-0.319926542797694	0.0833612243300434
1.82	-0.327452504014909	0.0894968829210887
1.83	-0.334829441165408	0.0955714906865434
1.84	-0.342060305124412	0.101585655092297
1.85	-0.349147988335875	0.107539977559853
1.86	-0.356095325969507	0.11343505352647
1.87	-0.362905097054876	0.119271472504706
1.88	-0.36958002559306	0.125049818141372
1.89	-0.376122781646283	0.130770668275895
1.9	-0.382535982405978	0.136434594998105
1.91	-0.388822193239696	0.142042164705442
1.92	-0.394983928717293	0.147593938159595
1.93	-0.401023653616785	0.153090470542584
1.94	-0.406943783910302	0.158532311512274
1.95	-0.412746687730499	0.163920005257341
1.96	-0.418434686317852	0.169254090551697
1.97	-0.424010054949176	0.174535100808359
1.98	-0.429475023847776	0.179763564132799
1.99	-0.434831779075558	0.18494000337575
2	-0.44008246340749	0.190064936185494
2.01	-0.445229177188737	0.195138875059626
2.02	-0.450273979174831	0.200162327396303
2.03	-0.455218887355197	0.205135795544989
2.04	-0.460065879760381	0.210059776856684
2.05	-0.464816895253286	0.214934763733664
2.06	-0.469473834304743	0.21976124367872
2.07	-0.47403855975373	0.224539699343909
2.08	-0.478512897552527	0.229270608578821
2.09	-0.482898637497123	0.23395444447836
2.1	-0.487197533943164	0.23859167543006
2.11	-0.491411306507711	0.243182765160918
2.12	-0.495541640757116	0.247728172783773
2.13	-0.499590188881271	0.252228352843212
2.14	-0.503558570354503	0.25668375536103
2.15	-0.50744837258339	0.261094825881228
2.16	-0.511261151541742	0.265462005514572
2.17	-0.514998432393014	0.269785730982702
2.18	-0.518661710100389	0.274066434661802
2.19	-0.522252450024788	0.278304544625844
2.2	-0.52577208851103	0.282500484689393
2.21	-0.529222033462394	0.286654674449986
2.22	-0.532603664903794	0.290767529330096
2.23	-0.535918335533812	0.294839460618674
2.24	-0.539167371265795	0.298870875512274
2.25	-0.542352071758237	0.302862177155781
2.26	-0.545473710934662	0.306813764682719
2.27	-0.548533537493208	0.310726033255165
2.28	-0.551532775406126	0.31459937410327
2.29	-0.554472624409384	0.31843417456438
2.3	-0.557354260482579	0.322230818121769
2.31	-0.560178836319343	0.325989684442988
2.32	-0.562947481788438	0.329711149417833
2.33	-0.565661304385718	0.333395585195934
2.34	-0.568321389677142	0.33704336022397
2.35	-0.570928801733015	0.340654839282515
2.36	-0.573484583553632	0.344230383522514
2.37	-0.575989757486492	0.347770350501401
2.38	-0.57844532563525	0.351275094218854
2.39	-0.580852270260571	0.354744965152194
2.4	-0.583211554173051	0.358180310291435
2.41	-0.585524121118352	0.361581473173984
2.42	-0.587790896154714	0.36494879391899
2.43	-0.590012786022989	0.368282609261364
2.44	-0.592190679509353	0.371583252585445
2.45	-0.594325447800828	0.374851053958345
2.46	-0.596417944833775	0.37808634016295
2.47	-0.598469007635473	0.381289434730605
2.48	-0.600479456658947	0.384460657973463
2.49	-0.602450096111158	0.387600327016518
2.5	-0.604381714274695	0.390708755829316
2.51	-0.606275083823104	0.393786255257355
2.52	-0.608130962129961	0.396833133053168
2.53	-0.609950091571839	0.3998496939071
2.54	-0.611733199825261	0.402836239477775
2.55	-0.613481000157788	0.405793068422265
2.56	-0.61519419171333	0.408720476425952
2.57	-0.616873459791817	0.411618756232101
2.58	-0.618519476123326	0.414488197671132
2.59	-0.620132899136783	0.417329087689605
2.6	-0.621714374223342	0.420141710378912
2.61	-0.623264533994554	0.42292634700369
2.62	-0.624783998535417	0.425683276029946
2.63	-0.626273375652417	0.428412773152902
2.64	-0.627733261116665	0.431115111324568
2.65	-0.629164238902207	0.433790560781037
2.66	-0.630566881419625	0.436439389069505
2.67	-0.631941749745008	0.439061861075032
2.68	-0.63328939384439	0.441658239047026
2.69	-0.634610352793746	0.444228782625468
2.7	-0.635905154994626	0.446773748866881
2.71	-0.637174318385526	0.44929339227003
2.72	-0.638418350649068	0.451787964801378
2.73	-0.639637749415083	0.454257715920277
2.74	-0.640833002459665	0.456702892603918
2.75	-0.642004587900293	0.459123739372026
2.76	-0.615431107720417	0.447590264977985
2.77	-0.589383817879409	0.43617155057641
2.78	-0.563852299106973	0.424866454286249
2.79	-0.538826338448256	0.413673845588359
2.8	-0.514295925178529	0.402592605212447
2.81	-0.490251246798761	0.391621625025149
2.82	-0.466682685110483	0.380759807919211
2.83	-0.443580812368382	0.370006067703781
2.84	-0.420936387509072	0.359359328995783
2.85	-0.398740352454542	0.348818527112387
2.86	-0.376983828488806	0.338382607964531
2.87	-0.355658112706289	0.328050527951516
2.88	-0.334754674530554	0.317821253856644
2.89	-0.31426515230195	0.307693762743894
2.9	-0.294181349932835	0.297667041855632
2.91	-0.274495233629032	0.287740088511328
2.92	-0.255198928676199	0.277911910007293
2.93	-0.236284716289838	0.268181523517402
2.94	-0.217745030527678	0.258547955994816
2.95	-0.199572455263189	0.249010244074675
2.96	-0.181759721219038	0.239567433977758
2.97	-0.164299703059272	0.230218581415107
2.98	-0.147185416539095	0.220962751493597
2.99	-0.130410015711065	0.211799018622443
3	-0.113966790186632	0.202726466420647
3.01	-0.097849162451883	0.193744187625351
3.02	-0.0820506852364524	0.184851284001114
3.03	-0.0665650389345237	0.176046866250089
3.04	-0.0513860290769015	0.167330053923089
3.05	-0.0365075838531401	0.158699975331545
3.06	-0.0219237516827361	0.150155767460334
3.07	-0.00762869883441572	0.141696575881476
3.08	0.00638329290743749	0.133321554668692
3.09	0.0201178285301464	0.125029866312813
3.1	0.0335804020348114	0.116820681638023
3.11	0.0467763986339861	0.108693179718944
3.12	0.059711096905835	0.100646547798544
3.13	0.0723896709056369	0.0926799812068574
3.14	0.0848171922354774	0.084792683280519
3.15	0.0969986320729587	0.0769838652830973
3.16	0.108938863159738	0.0692527463262196
3.17	0.120642661750691	0.0615985532914827
3.18	0.132114709524478	0.0540205207531402
3.19	0.143359595456281	0.0465178909015597
3.2	0.154381817653453	0.0390899134674407
3.21	0.165185785154824	0.0317358456467874
3.22	0.175775819694378	0.0244549520266276
3.23	0.186156157430003	0.0172465045114706
3.24	0.196330950638013	0.0101097822504974
3.25	0.206304269374113	0.00304407156547457
3.26	0.216080103101479	-0.00395133412061382
3.27	0.225662362286599	-0.0108771343542247
3.28	0.235054879963508	-0.0177340217212111
3.29	0.244261413267057	-0.0245226819160814
3.3	0.253285644935819	-0.0312437938105694
3.31	0.26213118478523	-0.037898029521522
3.32	0.270801571151569	-0.0444860544781112
3.33	0.27930027230734	-0.0510085274883783
3.34	0.287630687848625	-0.0574661008051143
3.35	0.295796150054971	-0.0638594201910866
3.36	0.30379992522235	-0.0701891249836153
3.37	0.311645214969713	-0.0764558481585075
3.38	0.319335157519693	-0.0826602163933557
3.39	0.326872828953927	-0.0888028501302057
3.4	0.334261244443534	-0.0948843636376018
3.41	0.341503359455226	-0.100905365072014
3.42	0.348602070933533	-0.106866456538653
3.43	0.355560218459621	-0.112768234151684
3.44	0.362380585387163	-0.118611288093836
3.45	0.369065899955716	-0.124396202675421
3.46	0.37561883638206	-0.130123556392766
3.47	0.382042015929913	-0.135793921986066
3.48	0.38833800795848	-0.141407866496651
3.49	0.394509330950224	-0.146965951323698
3.5	0.400558453518302	-0.152468732280369
3.51	0.406487795394035	-0.15791675964939
3.52	0.412299728394839	-0.163310578238086
3.53	0.417996577372984	-0.168650727432854
3.54	0.423580621145562	-0.173937741253109
3.55	0.429054093406052	-0.179172148404683
3.56	0.434419183617821	-0.184354472332699
3.57	0.439678037889943	-0.18948523127391
3.58	0.444832759835671	-0.194564938308529
3.59	0.449885411413912	-0.199594101411536
3.6	0.454838013754035	-0.204573223503474
3.61	0.459692547964353	-0.209502802500744
3.62	0.464450955924595	-0.214383331365395
3.63	0.46911514106268	-0.219215298154421
3.64	0.473686969116118	-0.223999186068568
3.65	0.478168268878326	-0.228735473500654
3.66	0.482560832930177	-0.233424634083411
3.67	0.486866418357049	-0.238067136736842
3.68	0.491086747451688	-0.242663445715121
3.69	0.495223508403148	-0.247214020653014
3.7	0.499278355972088	-0.251719316611847
3.71	0.503252912152699	-0.256179784125006
3.72	0.507148766821526	-0.260595869242998
3.73	0.510967478373438	-0.264968013578052
3.74	0.514710574345006	-0.269296654348282
3.75	0.518379552025542	-0.273582224421407
3.76	0.521975879056034	-0.277825152358043
3.77	0.525500994016219	-0.282025862454556
3.78	0.528956307000039	-0.286184774785489
3.79	0.532343200179696	-0.290302305245578
3.8	0.535663028358538	-0.294378865591333
3.81	0.538917119513001	-0.298414863482222
3.82	0.542106775323817	-0.30241070252143
3.83	0.545233271696705	-0.306366782296224
3.84	0.548297859272748	-0.310283498417913
3.85	0.551301763928669	-0.314161242561405
3.86	0.554246187267196	-0.318000402504379
3.87	0.557132307097722	-0.32180136216606
3.88	0.559961277907445	-0.325564501645614
3.89	0.562734231323173	-0.329290197260157
3.9	0.565452276563999	-0.332978821582385
3.91	0.568116500884997	-0.336630743477837
3.92	0.570727970012139	-0.340246328141775
3.93	0.573287728568606	-0.34382593713571
3.94	0.575796800492642	-0.347369928423553
3.95	0.578256189447154	-0.350878656407417
3.96	0.580666879221181	-0.354352471963054
3.97	0.58302983412343	-0.357791722474943
3.98	0.585345999368007	-0.36119675187103
3.99	0.587616301452521	-0.364567900657122
4	0.589841648528693	-0.367905505950933
4.01	0.592022930765626	-0.371209901515804
4.02	0.594161020705893	-0.374481417794071
4.03	0.596256773614555	-0.377720381940117
4.04	0.598311027821289	-0.380927117853083
4.05	0.600324605055723	-0.384101946209258
4.06	0.602298310776147	-0.387245184494152
4.07	0.604232934491698	-0.390357147034238
4.08	0.606129250078183	-0.393438145028389
4.09	0.607988016087635	-0.396488486578999
4.1	0.609809976051745	-0.39950847672279
4.11	0.611595858779286	-0.402498417461319
4.12	0.613346378647644	-0.405458607791176
4.13	0.615062235888583	-0.408389343733886
4.14	0.616744116868341	-0.41129091836551
4.15	0.618392694362192	-0.414163621845953
4.16	0.620008627823561	-0.417007741447982
4.17	0.621592563647818	-0.419823561585951
4.18	0.623145135430839	-0.422611363844244
4.19	0.624666964222461	-0.425371427005433
4.2	0.626158658774904	-0.428104027078158
4.21	0.627620815786283	-0.430809437324726
4.22	0.629054020139293	-0.433487928288439
4.23	0.630458845135175	-0.436139767820647
4.24	0.631835852723039	-0.438765221107537
4.25	0.633185593724652	-0.441364550696647
4.26	0.634508608054779	-0.443938016523124
4.27	0.63580542493715	-0.446485875935716
4.28	0.637076563116161	-0.449008383722509
4.29	0.638322531064377	-0.451505792136406
4.3	0.639543827185928	-0.453978350920351
4.31	0.640740940015877	-0.456426307332301
4.32	0.641914348415643	-0.45884990616996
4.33	0.615342655097882	-0.447319156461918
4.34	0.589297116736737	-0.435903139635263
4.35	0.563767314762527	-0.424600714078702
4.36	0.538743036907143	-0.413410749540166
4.37	0.514214273118999	-0.402332127013783
4.38	0.490171211558878	-0.391363738627975
4.39	0.466604234675064	-0.38050448753467
4.4	0.443503915356185	-0.369753287799619
4.41	0.420861013160245	-0.359109064293798
4.42	0.398666470618321	-0.348570752585898
4.43	0.376911409611451	-0.338137298835876
4.44	0.355587127819265	-0.327807659689576
4.45	0.33468509523894	-0.317580802174388
4.46	0.314196950773082	-0.307455703595952
4.47	0.294114498885174	-0.297431351435889
4.48	0.274429706321249	-0.287506743250543
4.49	0.255134698896479	-0.277680886570743
4.5	0.236221758345397	-0.26795279880255
4.51	0.217683319234481	-0.258321507128998
4.52	0.199511965935879	-0.248786048412813
4.53	0.181700429661061	-0.239345469100097
4.54	0.164241585553199	-0.229998825124973
4.55	0.147128449837131	-0.220745181815176
4.56	0.130354177025756	-0.211583613798584
4.57	0.113912057181744	-0.202513204910686
4.58	0.0977955132334689	-0.193533048102957
4.59	0.0819980983440952	-0.184642245352158
4.6	0.066513493332751	-0.17583990757053
4.61	0.0513355041467714	-0.167125154516885
4.62	0.0364580593839932	-0.158497114708583
4.63	0.0218752078641109	-0.14995492533438
4.64	0.00758111624812439	-0.141497732168149
4.65	-0.00642993329507681	-0.133124689483454
4.66	-0.0201635453759232	-0.124834959968979
4.67	-0.0336252136260861	-0.116627714644794
4.68	-0.0468203228960048	-0.108502132779459
4.69	-0.0597541514089	-0.100457401807948
4.7	-0.0724318728721352	-0.0924927172503921
4.71	-0.0848585585467698	-0.0846072826316311
4.72	-0.0970391792761324	-0.076800309401566
4.73	-0.108978607474226	-0.0690710168563021
4.74	-0.12068161907476	-0.0614186320600791
4.75	-0.132152895441587	-0.053842389767976
4.76	-0.143397025241317	-0.0463415323493863
4.77	-0.154418506278838	-0.0389153097122545
4.78	-0.165221747296509	-0.031562979228066
4.79	-0.175811069737708	-0.0242838056575835
4.8	-0.186190709475475	-0.017077061077323
4.81	-0.196364818506915	-0.0099420248067601
4.82	-0.206337466614053	-0.00287798333626204
4.83	-0.216112642991806	0.00411576974426432
4.84	-0.225694257843711	0.0110399338160139
4.85	-0.235086143946062	0.0178952013012223
4.86	-0.244292058181071	0.0246822577324082
4.87	-0.253315683039675	0.0314017818209278
4.88	-0.262160628094579	0.038054445524846
4.89	-0.270830431444135	0.0446409141161328
4.9	-0.279328561127633	0.0511618462471916
4.91	-0.287658416512558	0.0576178940167243
4.92	-0.295823329654387	0.0640097030349423
4.93	-0.303826566629457	0.0703379124881274
4.94	-0.311671328841438	0.0766031552025518
4.95	-0.319360754301939	0.0828060577077606
4.96	-0.326897918885755	0.0889472402992254
4.97	-0.334285837561259	0.0950273171003747
4.98	-0.341527465596429	0.101046896124006
4.99	-0.348625699740999	0.10700657933309
5	-0.355583379385194	0.112906962700962
5.01	-0.362403287695528	0.118748636270927
5.02	-0.369088152728107	0.124532184215259
5.03	-0.375640648519886	0.13025818489362
5.04	-0.382063396158328	0.135927210910897
5.05	-0.388358964829865	0.141539829174466
5.06	-0.394529872847614	0.147096600950875
5.07	-0.400578588658734	0.15259808192198
5.08	-0.406507531831839	0.158044822240509
5.09	-0.41231907402486	0.163437366585079
5.1	-0.418015539933736	0.168776254214663
5.11	-0.423599208222328	0.174062019022518
5.12	-0.429072312433915	0.179295189589574
5.13	-0.43443704188464	0.184476289237293
5.14	-0.439695542539268	0.189605836080001
5.15	-0.444849917869601	0.194684343076699
5.16	-0.449902229695892	0.199712318082362
5.17	-0.454854499011607	0.204690263898722
5.18	-0.459708706791845	0.209618678324553
5.19	-0.464466794785758	0.214498054205444
5.2	-0.469130666293273	0.219328879483091
5.21	-0.473702186926445	0.224111637244087
5.22	-0.478183185355719	0.228846805768236
5.23	-0.482575454041428	0.233534858576374
5.24	-0.486880749950803	0.23817626447773
5.25	-0.491100795260777	0.242771487616799
5.26	-0.495237278046886	0.247320987519764
5.27	-0.499291852958521	0.251825219140444
5.28	-0.503266141880805	0.256284632905793
5.29	-0.507161734583375	0.260699674760942
5.3	-0.510980189356312	0.265070786213791
5.31	-0.514723033633471	0.269398404379167
5.32	-0.518391764603483	0.273682962022526
5.33	-0.521987849808648	0.277924887603242
5.34	-0.525512727731971	0.282124605317442
5.35	-0.528967808372574	0.286282535140432
5.36	-0.532354473809719	0.290399092868696
5.37	-0.535674078755655	0.29447469016147
5.38	-0.538927951097521	0.298509734581915
5.39	-0.542117392428522	0.302504629637869
5.4	-0.545243678568581	0.306459774822201
5.41	-0.548308060074685	0.310375565652758
5.42	-0.551311762741126	0.314252393711918
5.43	-0.554255988089835	0.318090646685753
5.44	-0.557141913851005	0.321890708402788
5.45	-0.559970694434204	0.325652958872396
5.46	-0.562743461390147	0.329377774322789
5.47	-0.56546132386334	0.333065527238648
5.48	-0.568125369035748	0.336716586398369
5.49	-0.570736662561681	0.340331316910941
5.5	-0.573296248994077	0.343910080252458
5.51	-0.575805152202329	0.347453234302265
5.52	-0.578264375781853	0.350961133378752
5.53	-0.580674903455538	0.354434128274778
5.54	-0.583037699467247	0.357872566292756
5.55	-0.585353708967529	0.361276791279382
5.56	-0.587623858391694	0.36464714366002
5.57	-0.589849055830394	0.367983960472746
5.58	-0.592030191392877	0.371287575402049
5.59	-0.594168137563043	0.374558318812202
5.6	-0.596263749548445	0.377796517780301
5.61	-0.598317865622386	0.381002496128967
5.62	-0.600331307459242	0.384176574458735
5.63	-0.602304880463139	0.387319070180108
5.64	-0.604239374090129	0.390430297545304
5.65	-0.606135562163979	0.393510567679679
5.66	-0.607994203185716	0.396560188612838
5.67	-0.609816040637034	0.399579465309442
5.68	-0.6116018032777	0.402568699699702
5.69	-0.613352205437064	0.405528190709574
5.7	-0.615067947299803	0.408458234290648
5.71	-0.616749715186004	0.411359123449751
5.72	-0.618398181825701	0.414231148278239
5.73	-0.620014006627976	0.417074595981012
5.74	-0.621597835944733	0.419889750905235
5.75	-0.623150303329246	0.422676894568769
5.76	-0.624672029789589	0.425436305688328
5.77	-0.626163624037049	0.428168260207345
5.78	-0.627625682729617	0.430873031323571
5.79	-0.62905879071066	0.433550889516397
5.8	-0.630463521242868	0.436202102573894
5.81	-0.631840436237564	0.4388269356196
5.82	-0.633190086479479	0.441425651139029
5.83	-0.63451301184707	0.44399850900592
5.84	-0.635809741528482	0.446545766508226
5.85	-0.637080794233229	0.449067678373842
5.86	-0.638326678399686	0.451564496796076
5.87	-0.639547892398468	0.454036471458872
5.88	-0.640744924731788	0.456483849561778
5.89	-0.641918254228866	0.458906875844663
5.9	-0.615346483570795	0.447375559278863
5.91	-0.589300869400782	0.435958981234778
5.92	-0.563770993118821	0.424656000044995
5.93	-0.538746642427077	0.413465485401881
5.94	-0.514217807244831	0.402386318244551
5.95	-0.490174675704307	0.391417390646965
5.96	-0.466607630225794	0.380557605707129
5.97	-0.443507243670483	0.369805877437409
5.98	-0.420864275569483	0.359161130655927
5.99	-0.398669668427506	0.348622300879045
6	-0.37691454409975	0.338188334214915
6.01	-0.355590200240517	0.327858187258088
6.02	-0.334688106822154	0.317630826985172
6.03	-0.314199902722933	0.307505230651532
6.04	-0.294117392382482	0.297480385689011
6.05	-0.274432542523452	0.287555289604674
6.06	-0.255137478938098	0.277728949880559
6.07	-0.236224483338485	0.268000383874423
6.08	-0.217685990269072	0.258368618721475
6.09	-0.199514584080424	0.248832691237093
6.1	-0.181702995962853	0.239391647820502
6.11	-0.164244101038794	0.230044544359414
6.12	-0.147130915512757	0.220790446135613
6.13	-0.130356593877717	0.21162842773149
6.14	-0.113914426176813	0.20255757293749
6.15	-0.0977978353192777	0.1935769746605
6.16	-0.0820003744495089	0.184685734833132
6.17	-0.0665157243682427	0.17588296432392
6.18	-0.0513376910047856	0.167167782848403
6.19	-0.0364602029393029	0.158539318881097
6.2	-0.0218773089741674	0.149996709568344
6.21	-0.00758317575340027	0.141539100642021
6.22	0.00642791457075139	0.133165646334116
6.23	0.0201615666250311	0.12487550929215
6.24	0.0336232740571	0.116667860495442
6.25	0.0468184217330706	0.108541879172202
6.26	0.0597522878915269	0.100496752717459
6.27	0.0724300462548908	0.0925316766117948
6.28	0.0848567680989823	0.0846458543408947
6.29	0.0970374242815983	0.0768384973158937
6.3	0.108976887230924	0.0691088247945177
6.31	0.120679932894568	0.0614560638030081
6.32	0.132151242650012	0.0538794490588242
6.33	0.143395405177218	0.046378222894114
6.34	0.154416918294169	0.0389516351799471
6.35	0.165220190756053	0.0315989432513008
6.36	0.175809544018829	0.0243194118327931
6.37	0.186189213967864	0.0171123129651549
6.38	0.196363352612349	0.00997692593243275
6.39	0.206336029746154	0.00291253718991739
6.4	0.216111234575807	-0.00408155970721182
6.41	0.225692877316227	-0.0110060641745318
6.42	0.235084790754862	-0.0178616686683178
6.43	0.244290731784862	-0.0246490587547899
6.44	0.253314382907879	-0.03136891317867
6.45	0.262159353707126	-0.0380219039310567
6.46	0.270829182291253	-0.0446086963166254
6.47	0.279327336709643	-0.0511299490201589
6.48	0.287657216339677	-0.0575863141724168
6.49	0.295822153246529	-0.0639784374153489
6.5	0.303825413516044	-0.0703069579666599
6.51	0.311670198561208	-0.076572508683732
6.52	0.319359646402765	-0.0827757161269108
6.53	0.326896832924462	-0.088917200622162
6.54	0.334284773103447	-0.0949975763231047
6.55	0.341526422216301	-0.101017451272427
6.56	0.348624677021189	-0.106977427462691
6.57	0.3555823769166	-0.112878100896533
6.58	0.362402305077148	-0.118720061646262
6.59	0.369087189566881	-0.124503893912872
6.6	0.375639704430537	-0.130230176084456
6.61	0.382062470763207	-0.135899480794053
6.62	0.388358057758801	-0.141512374976906
6.63	0.394528983737766	-0.147069419927156
6.64	0.400577717154447	-0.152571171353978
6.65	0.406506677584499	-0.158018179437144
6.66	0.412318236692756	-0.163410988882048
6.67	0.418014719181924	-0.168750138974173
6.68	0.423598403722496	-0.174036163633024
6.69	0.429071523864252	-0.179269591465514
6.7	0.434436268929708	-0.184450945818834
6.71	0.439694784889875	-0.189580744832779
6.72	0.444849175222676	-0.194659501491569
6.73	0.449901501754366	-0.199687723675144
6.74	0.454853785484294	-0.204665914209956
6.75	0.459708007393325	-0.209594570919248
6.76	0.46446610923626	-0.214474186672839
6.77	0.46912999431857	-0.219305249436413
6.78	0.473701528257736	-0.224088242320313
6.79	0.478182539729529	-0.228823643627852
6.8	0.482574821199498	-0.233511926903148
6.81	0.486880129639986	-0.238153560978473
6.82	0.491100187232942	-0.242749010021144
6.83	0.495236682058813	-0.247298733579932
6.84	0.499291268771806	-0.251803186631023
6.85	0.503265569261766	-0.256262819623513
6.86	0.507161173302957	-0.260678078524456
6.87	0.510979639189994	-0.265049404863458
6.88	0.51472249436118	-0.269377235776832
6.89	0.518391236009503	-0.273662004051313
6.9	0.521987331681533	-0.277904138167335
6.91	0.525512219864463	-0.282104062341881
6.92	0.528967310561521	-0.286262196570902
6.93	0.532353985855988	-0.290378956671322
6.94	0.535673600464059	-0.294454754322616
6.95	0.538927482276736	-0.298489997107981
6.96	0.542116932891014	-0.30248508855509
6.97	0.545243228130528	-0.306440428176452
6.98	0.548307618555906	-0.310356411509358
6.99	0.551311329965008	-0.314233430155438
7	0.55425556388326	-0.31807187181982
7.01	0.557141498044287	-0.321872120349901
7.02	0.559970286861012	-0.325634555773733
7.03	0.562743061887449	-0.329359554338025
7.04	0.565460932271328	-0.333047488545769
7.05	0.568124985197779	-0.33669872719349
7.06	0.570736286324216	-0.340313635408127
7.07	0.573295880206615	-0.343892574683544
7.08	0.575804790717351	-0.34743590291668
7.09	0.578264021454759	-0.350943974443342
7.1	0.580674556144593	-0.354417140073635
7.11	0.583037359033522	-0.357855747127046
7.12	0.585353375274846	-0.361260139467174
7.13	0.587623531306571	-0.364630657536119
7.14	0.589848735221992	-0.367967638388525
7.15	0.59202987713295	-0.371271415725286
7.16	0.594167829525881	-0.374542319926917
7.17	0.59626344761083	-0.377780678086591
7.18	0.598317569663538	-0.380986814042849
7.19	0.600331017360774	-0.384161048411987
7.2	0.602304596109008	-0.387303698620113
7.21	0.604239095366588	-0.390415078934893
7.22	0.606135288959536	-0.393495500496978
7.23	0.607993935391085	-0.396545271351116
7.24	0.609815778145094	-0.399564696476961
7.25	0.61160154598345	-0.402554077819566
7.26	0.613351953237583	-0.405513714319581
7.27	0.615067700094208	-0.408443901943149
7.28	0.616749472875409	-0.411344933711498
7.29	0.618397944313179	-0.414217099730246
7.3	0.620013773818519	-0.417060687218414
7.31	0.621597607745214	-0.419875980537143
7.32	0.623150079648382	-0.422663261218135
7.33	0.624671810537904	-0.425422807991804
7.34	0.62616340912684	-0.428154896815151
7.35	0.627625472074916	-0.430859800899357
7.36	0.629058584227203	-0.433537790737108
7.37	0.630463318848059	-0.436189134129642
7.38	0.631840237850442	-0.43881409621353
7.39	0.633189892020687	-0.441412939487189
7.4	0.634512821238821	-0.443985923837135
7.41	0.635809554694531	-0.446533306563969
7.42	0.637080611098839	-0.449055342408106
7.43	0.638326498891601	-0.451552283575255
7.44	0.639547716444882	-0.454024379761634
7.45	0.640744752262318	-0.456471878178942
7.46	0.641918085174521	-0.458895023579082
7.47	0.615346317863952	-0.4473638249453
7.48	0.589300706975155	-0.43594736365979
7.49	0.563770833909438	-0.424644498066814
7.5	0.538746486370252	-0.4134540978703
7.51	0.51421765427814	-0.402375044020807
7.52	0.49017452576656	-0.391406228603626
7.53	0.466607483257015	-0.380546554727982
7.54	0.443507099611881	-0.369794936417346
7.55	0.420864134363433	-0.359150298500838
7.56	0.398669530017525	-0.348611576505705
7.57	0.376914408430471	-0.338177716550877
7.58	0.35559006725767	-0.327847675241576
7.59	0.334687976472545	-0.317620419564977
7.6	0.31419977495442	-0.307494926786902
7.61	0.294117267143956	-0.297470184349551
7.62	0.274432419764816	-0.287545189770242
7.63	0.255137358610246	-0.277718950541163
7.64	0.236224365393285	-0.26799048403012
7.65	0.217685874659344	-0.258358817382273
7.66	0.199514470759923	-0.24882298742285
7.67	0.181702884886249	-0.239382040560828
7.68	0.164243992161655	-0.230035032693575
7.69	0.147130808791531	-0.220781029112435
7.7	0.130356489269714	-0.211619104409261
7.71	0.113914323640188	-0.202548342383872
7.72	0.0977977348130138	-0.193567835952428
7.73	0.082000275933403	-0.184676687056729
7.74	0.0665156278028871	-0.1758740065744
7.75	0.0513375963515528	-0.167158914229984
7.76	0.0364601101603303	-0.15853053850691
7.77	0.0218772180323422	-0.149988016560343
7.78	0.00758308661234445	-0.141530494130898
7.79	-0.00642800194669546	-0.133157125459213
7.8	-0.020161652270815	-0.124867073201373
7.81	-0.0336233580069831	-0.116659508345174
7.82	-0.0468185040206342	-0.108533610127221
7.83	-0.0597523685496869	-0.100488565950854
7.84	-0.0724301253159117	-0.0925235713048819
7.85	-0.0848568455944896	-0.0846378296831364
7.86	-0.0970375002425912	-0.0768305525048176
7.87	-0.108976961687788	-0.0691009590356359
7.88	-0.120680005877087	-0.0614482763097382
7.89	-0.13215131418738	-0.0538717390524102
7.9	-0.143395475298051	-0.0463705896035489
7.91	-0.154416987026515	-0.0389440778418953
7.92	-0.165220258127408	-0.0315914611100222
7.93	-0.175809610056141	-0.0243120041400673
7.94	-0.186189278697549	-0.0171049789802062
7.95	-0.1963634160603	-0.0099696649218567
7.96	-0.206336091937751	-0.00290534842760674
7.97	-0.216111295535927	0.00408867694013935
7.98	-0.225692937069255	0.0110131105898055
7.99	-0.235084849324701	0.0178686449705851
8	-0.24429078919494	0.024655965641687
8.01	-0.253314439181161	0.0313757513408913
8.02	-0.262159408866122	0.0380286740524242
8.03	-0.270829236358028	0.0446153990741569
8.04	-0.279327389705823	0.0511365850841358
8.05	-0.287657268286462	0.0575928842064512
8.06	-0.295822204164699	0.0639849420764496
8.07	-0.303825463425966	0.0703133979052986
8.08	-0.311670247482847	0.0765788845439079
8.09	-0.31935969435569	0.0827820285462152
8.1	-0.326896879927855	0.0889234502318423
8.11	-0.33428481917611	0.0950037637481271
8.12	-0.341526467376664	0.101023577131539
8.13	-0.348624721287316	0.106983492368484
8.14	-0.355582420306199	0.112884105455502
8.15	-0.362402347607576	0.118726006458869
8.16	-0.369087231255149	0.124509779573602
8.17	-0.375639745293322	0.130236003181882
8.18	-0.382062510816854	0.135905249910888
8.19	-0.388358097019333	0.141518086690067
8.2	-0.394529022220887	0.147075074807819
8.21	-0.400577754875551	0.152576769967636
8.22	-0.406506714558675	0.158023722343663
8.23	-0.412318272934794	0.163416476635723
8.24	-0.418014754706321	0.168755572123785
8.25	-0.423598438543463	0.174041542721891
8.26	-0.429071557995718	0.179274917031551
8.27	-0.434436302385325	0.184456218394601
8.28	-0.439694817683026	0.189585964945538
8.29	-0.444849207366478	0.194664669663336
8.3	-0.449901533261679	0.199692840422741
8.31	-0.45485381636772	0.204670980045061
8.32	-0.459708037665217	0.209599586348449
8.33	-0.464466138908729	0.214479152197685
8.34	-0.469130023403484	0.219310165553459
8.35	-0.473701556766731	0.224093109521175
8.36	-0.478182567674007	0.228828462399254
8.37	-0.482574848590638	0.233516697726971
8.38	-0.486880156488745	0.238158284331805
8.39	-0.49110021355006	0.242753686376322
8.4	-0.495236707854817	0.247303363404597
8.41	-0.499291294057015	0.251807770388161
8.42	-0.503265594046294	0.256267357771503
8.43	-0.507161197596718	0.260682571517117
8.44	-0.510979663002706	0.265053853150093
8.45	-0.514722517702369	0.269381639802274
8.46	-0.518391258888505	0.273666364255969
8.47	-0.521987354107501	0.277908454987228
8.48	-0.525512241846367	0.282108336208696
8.49	-0.528967332108153	0.28626642791203
8.5	-0.532354006975969	0.2903831459099
8.51	-0.535673621165835	0.294458901877572
8.52	-0.53892750256859	0.298494103394074
8.53	-0.542116952781062	0.302489153982952
8.54	-0.545243247626726	0.306444453152629
8.55	-0.548307637666054	0.310360396436352
8.56	-0.551311348696749	0.314237375431744
8.57	-0.554255582244089	0.318075777839969
8.58	-0.557141516041546	0.321875987504498
8.59	-0.559970304501902	0.325638384449497
8.6	-0.562743079179025	0.329363344917827
8.61	-0.565460949220508	0.333051241408671
8.62	-0.568125001811343	0.336702442714781
8.63	-0.570736302608809	0.340317313959362
8.64	-0.573295896168751	0.34389621663258
8.65	-0.575804806363415	0.347439508627717
8.66	-0.578264036791011	0.350947544276953
8.67	-0.580674571177167	0.354420674386807
8.68	-0.58303737376843	0.357859246273212
8.69	-0.585353389717984	0.361263603796253
8.7	-0.587623545463715	0.364634087394546
8.71	-0.589848749098806	0.367971034119289
8.72	-0.592029890734984	0.371274777667963
8.73	-0.594167842858577	0.374545648417704
8.74	-0.59626346067952	0.37778397345834
8.75	-0.598317582473452	0.3809900766251
8.76	-0.600331029917034	0.384164278531001
8.77	-0.602304608416637	0.387306896598904
8.78	-0.604239107430509	0.390418245093263
8.79	-0.606135300784575	0.393498635151544
8.8	-0.607993946981973	0.396548374815347
8.81	-0.609815789506467	0.399567769061205
8.82	-0.611601557119853	0.402557119831084
8.83	-0.613351964153471	0.405516726062578
8.84	-0.615067710793946	0.408446883718802
8.85	-0.616749483363279	0.411347885817985
8.86	-0.618397954593374	0.414220022462782
8.87	-0.620013783895153	0.417063580869274
8.88	-0.621597617622317	0.419878845395694
8.89	-0.623150089329905	0.422666097570866
8.9	-0.62467182002772	0.425425616122353
8.91	-0.626163418428745	0.428157677004333
8.92	-0.627625481192631	0.430862553425194
8.93	-0.629058593164375	0.433540515874854
8.94	-0.630463327608263	0.436191832151813
8.95	-0.631840246437183	0.438816767389931
8.96	-0.633189900437398	0.44141558408494
8.97	-0.63451282948887	0.443988542120697
8.98	-0.635809562781218	0.446535898795173
8.99	-0.637080619025399	0.449057908846178
9	-0.638326506661204	0.45155482447684
9.01	-0.639547724060637	0.454026895380825
9.02	-0.640744759727271	0.456474368767303
9.03	-0.641918092491658	0.458897489385673
9.04	-0.6153463250362	0.447366266216704
9.05	-0.589300714005383	0.435949780640137
9.06	-0.563770840800458	0.424646890997804
9.07	-0.538746493124821	0.413456466991228
9.08	-0.514217660898959	0.402377389568587
9.09	-0.490174532256278	0.391408550812815
9.1	-0.466607489618227	0.380548853830802
9.11	-0.443507105847134	0.36979721264371
9.12	-0.420864140475219	0.35915255207837
9.13	-0.398669536008289	0.348613807659765
9.14	-0.376914414302611	0.338179925504582
9.15	-0.355590073013533	0.327849862215824
9.16	-0.334687982114435	0.317622584778466
9.17	-0.314199780484593	0.307497070456156
9.18	-0.294117272564624	0.297472306688939
9.19	-0.274432425078147	0.287547290992
9.2	-0.255137363818367	0.277721030855414
9.21	-0.236224370498278	0.267992543644897
9.22	-0.217685879663251	0.25836085650354
9.23	-0.199514475664746	0.248825006254521
9.24	-0.18170288969395	0.239384039304787
9.25	-0.164243996874157	0.230037011549698
9.26	-0.147130813410719	0.22078298827861
9.27	-0.130356493797436	0.211621044081406
9.28	-0.113914328078255	0.202550262755956
9.29	-0.0977977391632013	0.19356973721649
9.3	-0.082000280197451	0.184678569402896
9.31	-0.0665156319825012	0.175875870190909
9.32	-0.0513376004484051	0.167160759303198
9.33	-0.0364601141760594	0.158532365221338
9.34	-0.0218772219685545	0.149989825098658
9.35	-0.0075830904706145	0.141532284673956
9.36	0.00642799816482429	0.133158898186069
9.37	0.0201616485638299	0.124868828289301
9.38	0.0336233543734013	0.116661245969685
9.39	0.0468185004590021	0.108535330462079
9.4	0.0597523650585799	0.100490269168093
9.41	0.0724301218939333	0.0925252575748252
9.42	0.0848568422402709	0.0846394991744128
9.43	0.0970374969547906	0.0768322053843775
9.44	0.10897695846509	0.0691025954687687
9.45	0.120680002718203	0.0614498964600886
9.46	0.132151311091046	0.0538733430819946
9.47	0.143395472263028	0.0463721776727716
9.48	0.154416984051591	0.0389456501095646
9.49	0.16522025521139	0.031593017733366
9.5	0.175809607197864	0.0243135452747494
9.51	0.186189275895871	0.0171065047803415
9.52	0.196363413314098	0.00997117554002626
9.53	0.206336089245928	0.00290684401487374
9.54	0.216111292897406	-0.00408719623421492
9.55	0.22569293448298	-0.0110116446171518
9.56	0.235084846789638	-0.0178671935846037
9.57	0.244290786710074	-0.0246545286972379
9.58	0.253314436745499	-0.031374328694279
9.59	0.262159406478689	-0.0380272655613828
9.6	0.270829234017869	-0.0446140045978361
9.61	0.279327387412003	-0.0511352044830869
9.62	0.287657266038062	-0.0575915173426127
9.63	0.29582220196082	-0.0639835888131342
9.64	0.303825461265727	-0.0703120581071787
9.65	0.311670245365384	-0.0765775580770026
9.66	0.319359692280155	-0.0827807152778767
9.67	0.326896877893419	-0.0889221500307426
9.68	0.334284817181958	-0.0950024764842451
9.69	0.341526465421999	-0.101022302676147
9.7	0.348624719371357	-0.106982230594136
9.71	0.355582418428178	-0.112882856236019
9.72	0.362402345766742	-0.118724769669328
9.73	0.369087229450766	-0.124508555090323
9.74	0.375639743524669	-0.130234790882415
9.75	0.382062509083222	-0.135904049674004
9.76	0.388358095320029	-0.141516898395739
9.77	0.394529020555232	-0.147073898337218
9.78	0.400577753242877	-0.152575605203113
9.79	0.406506712958331	-0.158022569168741
9.8	0.412318271366139	-0.163415334935084
9.81	0.418014753168727	-0.168754441783258
9.82	0.423598437036316	-0.174040423628441
9.83	0.429071556518414	-0.179273809073267
9.84	0.434436300937274	-0.184455121460687
9.85	0.439694816263648	-0.189584878926299
9.86	0.444849205975206	-0.194663594450169
9.87	0.449901531897956	-0.199691775908124
9.88	0.454853815031	-0.204669926122543
9.89	0.459708036354966	-0.209598542912636
9.9	0.464466137624423	-0.214478119144231
9.91	0.469130022144609	-0.219309142779059
9.92	0.473701555532783	-0.224092096923551
9.93	0.478182566464493	-0.228827459877145
9.94	0.482574847405074	-0.233515705180124
9.95	0.486880155326657	-0.238157301660964
9.96	0.491100212410982	-0.242752713483221
9.97	0.495236706738295	-0.247302400191944
9.98	0.499291292962601	-0.251806816759634
9.99	0.503265592973551	-0.25626641363174
10	0.507161196545217	-0.260681636771701
10	0.507161196545217	-0.260681636771701
0	0.042964	0.033389
0.01	0.055974188848	0.0260916572185
0.02	0.0687267586098911	0.0188669242138997
0.03	0.0812268104870705	0.0117140785068174
0.04	0.0934793446703458	0.00463240480666147
0.05	0.10548926234008	-0.00237880505989894
0.07	0.128800369532564	-0.0161926308234569
0.08	0.140110883815326	-0.0229966281146583
0.09	0.151197434834605	-0.0297329244988128
0.1	0.162064457361633	-0.0364021936112289
0.11	0.172716298353263	-0.0430051023844315
0.12	0.183157218690804	-0.049542311114856
0.13	0.193391394884434	-0.056014473528878
0.14	0.203422920743863	-0.0624222368481868
0.15	0.213255809015906	-0.0687662418545078
0.16	0.222893992989646	-0.0750471229536818
0.17	0.232341328069794	-0.0812655082391056
0.18	0.241601593318908	-0.0874220195545417
0.19	0.250678492969069	-0.0935172725563041
0.2	0.259575657903624	-0.0995518767748235
0.21	0.268296647109589	-0.105526435675601
0.22	0.276844949101289	-0.111441546719556
0.23	0.285223983315818	-0.117297801422772
0.24	0.293437101480854	-0.123095785415649
0.25	0.301487588955398	-0.128836078501466
0.26	0.309378666043962	-0.134519254714363
0.27	0.317113489284737	-0.140145882376746
0.28	0.324695152712247	-0.145716524156117
0.29	0.332126689095007	-0.151231737121343
0.3	0.339411071148674	-0.156692072798363
0.31	0.346551212725169	-0.16209807722534
0.32	0.35354996997826	-0.167450291007268
0.33	0.360410142506064	-0.172749249370031
0.34	0.367134474470921	-0.177995482213924
0.35	0.373725655697097	-0.183189514166649
0.36	0.380186322746754	-0.188331864635771
0.37	0.386519059974604	-0.193423047860668
0.38	0.392726400561694	-0.198463572963946
0.39	0.398810827528705	-0.20345394400236
0.4	0.4047747747292	-0.208394660017212
0.41	0.410620627823195	-0.213286215084264
0.42	0.416350725231459	-0.21812909836314
0.43	0.421967359070909	-0.222923794146244
0.44	0.427472776071493	-0.22767078190719
0.45	0.432869178474909	-0.232370536348749
0.46	0.438158724915535	-0.237023527450323
0.47	0.443343531283907	-0.241630220514938
0.48	0.448425671573111	-0.246191076215778
0.49	0.453407178708401	-0.250706550642251
0.5	0.458290045360403	-0.255177095345602
0.51	0.463076224742207	-0.259603157384064
0.52	0.467767631390678	-0.263985179367567
0.53	0.472366141932301	-0.268323599501996
0.54	0.476873595833852	-0.272618851633018
0.55	0.481291796138214	-0.276871365289461
0.56	0.485622510185616	-0.28108156572627
0.57	0.489867470320594	-0.285249873967033
0.58	0.494028374584952	-0.289376706846082
0.59	0.498106887397004	-0.293462477050179
0.6	0.50210464021736	-0.297507593159783
0.61	0.506023232201536	-0.301512459689911
0.62	0.509864230839636	-0.305477477130587
0.63	0.51362917258337	-0.309403041986891
0.64	0.517319563460656	-0.313289546818614
0.65	0.52093687967805	-0.317137380279511
0.66	0.524482568211252	-0.320946927156167
0.67	0.527958047383912	-0.324718568406475
0.68	0.53136470743498	-0.328452681197736
0.69	0.534703911074825	-0.332149638944372
0.7	0.537976994030328	-0.335809811345269
0.71	0.541185265579202	-0.339433564420748
0.72	0.544330009073713	-0.343021260549167
0.73	0.547412482454042	-0.34657325850316
0.74	0.550433918751475	-0.35008991348551
0.75	0.553395526581637	-0.353571577164677
0.76	0.556298490627952	-0.357018597709959
0.77	0.559143972115531	-0.360431319826312
0.78	0.561933109275681	-0.36381008478882
0.79	0.56466701780121	-0.367155230476824
0.8	0.567346791292722	-0.370467091407708
0.81	0.569973501696071	-0.373745998770353
0.82	0.572548199731154	-0.376992280458255
0.83	0.57507191531221	-0.380206261102315
0.84	0.577545657959808	-0.383388262103303
0.85	0.57997041720466	-0.386538601663998
0.86	0.582347162983451	-0.389657594821008
0.87	0.584676846026828	-0.392745553476273
0.88	0.586960398239703	-0.395802786428259
0.89	0.589198733074025	-0.398829599402833
0.9	0.591392745894182	-0.401826295083842
0.91	0.59354331433515	-0.404793173143375
0.92	0.595651298653561	-0.407730530271736
0.93	0.597717542071823	-0.410638660207111
0.94	0.599742871115411	-0.41351785376494
0.95	0.601728095943498	-0.416368398867003
0.96	0.603674010673022	-0.41919058057021
0.97	0.605581393696348	-0.421984681095106
0.98	0.607451007992636	-0.424750979854097
0.99	0.609283601433038	-0.427489753479385
1	0.611079907079862	-0.430201275850639
1.01	0.612840643479804	-0.43288581812238
1.02	0.614566514951379	-0.435543648751092
1.03	0.616258211866656	-0.438175033522077
1.04	0.617916410927413	-0.440780235576027
1.05	0.619541775435836	-0.44335951543534
1.06	0.593413088893172	-0.431982897696839
1.07	0.567801785182303	-0.420719479200939
1.08	0.542697619433313	-0.40956813359631
1.09	0.518090549638374	-0.398527745739004
1.1	0.493970732634801	-0.387597211580944
1.11	0.470328520167655	-0.376775438059511
1.12	0.447154455030309	-0.366061342988246
1.13	0.424439267281435	-0.355453854948623
1.14	0.402173870536906	-0.344951913182908
1.15	0.380349358335115	-0.334554467488086
1.16	0.358957000574269	-0.324260478110835
1.17	0.337988240020231	-0.314068915643552
1.18	0.31743468888351	-0.303978760921413
1.19	0.297288125464031	-0.293989004920452
1.2	0.277540490862343	-0.284098648656659
1.21	0.258183885755947	-0.274306703086084
1.22	0.239210567239465	-0.264612189005927
1.23	0.220612945727368	-0.25501413695662
1.24	0.202383581918038	-0.245511587124878
1.25	0.184515183817952	-0.236103589247721
1.26	0.167000603824778	-0.226789202517442
1.27	0.149832835868242	-0.217567495487526
1.28	0.133005012607603	-0.208437545979509
1.29	0.116510402684622	-0.199398440990755
1.3	0.10034240803093	-0.190449276603157
1.31	0.0844945612287069	-0.181589157892743
1.32	0.0689605229236302	-0.172817198840184
1.33	0.0537340792890451	-0.164132522242191
1.34	0.0388091395403496	-0.155534259623794
1.35	0.0241797334985979	-0.147021551151494
1.36	0.00984000920234771	-0.138593545547278
1.37	-0.00421576943320437	-0.130249400003492
1.38	-0.0179932249107344	-0.121988280098557
1.39	-0.0314978683998686	-0.11380935971353
1.4	-0.0447351019417267	-0.105711820949487
1.41	-0.0577102206098112	-0.097694854045736
1.42	-0.0704284146281095	-0.0897576572988385
1.43	-0.0828947714472534	-0.0818994369824389
1.44	-0.0951142777795692	-0.0741194072678908
1.45	-0.10709182159383	-0.0664167901456741
1.46	-0.11883219407051	-0.0587908153475929
1.47	-0.130340091518322	-0.0512407202697485
1.48	-0.141620117252804	-0.0437657498962778
1.49	-0.152676783437709	-0.0363651567238515
1.5	-0.163514512889931	-0.0290382006869231
1.51	-0.174137640848693	-0.0217841490837214
1.52	-0.184550416709701	-0.0146022765029802
1.53	-0.19475700572496	-0.00749186475139611
1.54	-0.204761490668931	-0.000452202781808927
1.55	-0.214567873471699	0.00651741337790387
1.56	-0.224180076819795	0.0134176806952248
1.57	-0.233601945725327	0.0202492892026939
1.58	-0.242837249064038	0.0270129220669122
1.59	-0.251889681082905	0.0337092556568594
1.6	-0.260762862877888	0.0403389596115311
1.61	-0.269460343842422	0.0469026969069031
1.62	-0.277985603087217	0.0534011239222299
1.63	-0.286342050831953	0.0598348905056831
1.64	-0.294533029769412	0.0662046400393364
1.65	-0.302561816402605	0.072511009503505
1.66	-0.310431622355412	0.0787546295404436
1.67	-0.318145595657278	0.0849361245174112
1.68	-0.32570682200247	0.0910561125891089
1.69	-0.333118325984391	0.0971152057594952
1.7	-0.340383072305466	0.103114009942987
1.71	-0.347503966963054	0.109053125025053
1.72	-0.354483858411897	0.114933144922199
1.73	-0.36132553870353	0.120754657641366
1.74	-0.368031744603148	0.126518245338725
1.75	-0.374605158684347	0.132224484377897
1.76	-0.381048410402185	0.137873945387589
1.77	-0.387364077145008	0.143467193318659
1.78	-0.393554685265434	0.149004787500606
1.79	-0.399622711090931	0.15448728169751
1.8	-0.405570581914383	0.159915224163406
1.81	-0.411400676965035	0.16528915769711
1.82	-0.417115328360225	0.170609619696497
1.83	-0.422716822038255	0.175877142212247
1.84	-0.428207398672801	0.181092252001045
1.85	-0.433589254569215	0.186255470578259
1.86	-0.438864542543072	0.191367314270094
1.87	-0.444035372781329	0.196428294265221
1.88	-0.449103813686428	0.201438916665899
1.89	-0.454071892703685	0.206399682538588
1.9	-0.458941597132295	0.211311087964048
1.91	-0.46371487492028	0.216173624086958
1.92	-0.468393635443692	0.220987777165022
1.93	-0.472979750270393	0.2257540286176
1.94	-0.477475053908705	0.230472855073851
1.95	-0.481881344541241	0.23514472842039
1.96	-0.486200384744198	0.239770115848486
1.97	-0.490433902192417	0.244349479900774
1.98	-0.494583590350471	0.248883278517515
1.99	-0.498651109150078	0.253371965082386
2	-0.502638085654094	0.257815988467822
2.01	-0.506546114707362	0.262215793079902
2.02	-0.51037675957467	0.266571818902792
2.03	-0.514131552566079	0.270884501542739
2.04	-0.517811995649867	0.275154272271638
2.05	-0.521419561053339	0.279381558070157
2.06	-0.524955691851735	0.283566781670432
2.07	-0.528421802545481	0.287710361598348
2.08	-0.53181927962601	0.291812712215384
2.09	-0.535149482130376	0.295874243760056
2.1	-0.538413742184885	0.299895362388936
2.11	-0.541613365537968	0.303876470217272
2.12	-0.544749632082495	0.307817965359199
2.13	-0.547823796367753	0.311720241967547
2.14	-0.550837088101276	0.315583690273263
2.15	-0.553790712640753	0.319408696624429
2.16	-0.556685851476183	0.3231956435249
2.17	-0.559523662702486	0.326944909672553
2.18	-0.56230528148276	0.33065686999716
2.19	-0.565031820502359	0.334331895697876
2.2	-0.567704370413985	0.337970354280366
2.21	-0.570324000273961	0.341572609593551
2.22	-0.572891757969869	0.345139021865994
2.23	-0.575408670639722	0.348669947741923
2.24	-0.577875745082828	0.3521657403169
2.25	-0.580293968162528	0.355626749173123
2.26	-0.582664307200952	0.359053320414393
2.27	-0.584987710365964	0.362445796700716
2.28	-0.587265107050437	0.365804517282578
2.29	-0.589497408244029	0.369129818034863
2.3	-0.591685506897586	0.372422031490447
2.31	-0.593830278280338	0.375681486873445
2.32	-0.595932580330017	0.37890851013214
2.33	-0.597993253996042	0.382103423971573
2.34	-0.600013123575915	0.385266547885819
2.35	-0.601992997044947	0.38839819818993
2.36	-0.603933666379461	0.391498688051574
2.37	-0.605835907873593	0.394568327522346
2.38	-0.607700482449818	0.397607423568777
2.39	-0.609528135963335	0.400616280103031
2.4	-0.611319599500413	0.403595198013292
2.41	-0.613075589670839	0.40654447519386
2.42	-0.61479680889457	0.409464406574936
2.43	-0.616483945682713	0.412355284152114
2.44	-0.618137674912934	0.415217397015586
2.45	-0.619758658099425	0.418051031379048
2.46	-0.621347543657512	0.420856470608322
2.47	-0.622904967163035	0.42363399524969
2.48	-0.624431551606584	0.426383883057957
2.49	-0.625927907642705	0.429106409024216
2.5	-0.627394633834169	0.431801845403357
2.51	-0.628832316891407	0.434470461741286
2.52	-0.630241531907202	0.437112524901883
2.53	-0.63162284258673	0.439728299093689
2.54	-0.632976801473056	0.442318045896324
2.55	-0.634303950168154	0.444882024286647
2.56	-0.635604819549558	0.447420490664658
2.57	-0.636879929982717	0.449933698879129
2.58	-0.638129791529153	0.452421900252999
2.59	-0.639354904150487	0.454885343608498
2.6	-0.640555757908435	0.457324275292036
2.61	-0.641732833160837	0.459738939198835
2.62	-0.615164734087142	0.448199343463983
2.63	-0.589122718799237	0.436774568629959
2.64	-0.563596370136721	0.425463472209663
2.65	-0.538575477212854	0.414264923083932
2.66	-0.514050031330069	0.403177801388426
2.67	-0.490010221976359	0.392200998401644
2.68	-0.466446432900931	0.381333416434048
2.69	-0.443349238267582	0.370573968718293
2.7	-0.420709398884233	0.359921579300551
2.71	-0.398517858507127	0.349375182932914
2.72	-0.376765740218208	0.338933724966868
2.73	-0.355444342874233	0.328596161247827
2.74	-0.3345451376262	0.318361458010718
2.75	-0.314059764507684	0.308228591776601
2.76	-0.293980029090746	0.298196549250325
2.77	-0.274297899208044	0.288264327219193
2.78	-0.255005501739859	0.278430932452641
2.79	-0.236095119464741	0.268695381602915
2.8	-0.217559187972513	0.259056701106736
2.81	-0.199390292638406	0.24951392708794
2.82	-0.181581165657109	0.240066105261094
2.83	-0.164124683135544	0.230712290836062
2.84	-0.147013862243216	0.221451548423528
2.85	-0.130241858418984	0.212282951941456
2.86	-0.113801962633144	0.20320558452248
2.87	-0.097687598703724	0.194218538422217
2.88	-0.0818923206659253	0.185320914928493
2.89	-0.0664098101936458	0.176511824271469
2.9	-0.0512338740720647	0.167790385534663
2.91	-0.0363584417202724	0.159155726566863
2.92	-0.0217775627629554	0.150606983894901
2.93	-0.00748540465016517	0.142143302637316
2.94	0.00652374967578097	0.133763836418858
2.95	0.0202555040672009	0.125467747285851
2.96	0.0337153514126649	0.117254205622399
2.97	0.0469086758342256	0.109122390067422
2.98	0.0598407548411402	0.101071487432519
2.99	0.0725167614409458	0.093100692620651
3	0.0849417662087332	0.0852092085456267
3.01	0.0971207393154453	0.0773962460523963
3.02	0.109058552516014	0.069661023838134
3.03	0.120759981098127	0.0620027683741072
3.04	0.132229705792409	0.0544207138283235
3.05	0.143472314644778	0.046914101988946
3.06	0.154492304851725	0.0394821821884723
3.07	0.165294084559255	0.0321242112286667
3.08	0.175881974626202	0.0248394533062396
3.09	0.186260210352637	0.0176271799392669
3.1	0.196432943174041	0.0104866698943412
3.11	0.206404242321938	0.00341720911444757
3.12	0.21617809645164	-0.0035819093524427
3.13	0.225758415237769	-0.0105113854240677
3.14	0.235149030938174	-0.0173719120538673
3.15	0.24435369992689	-0.0241641753002793
3.16	0.253376104196738	-0.0308888543953456
3.17	0.26221985283217	-0.0375466218126362
3.18	0.270888483452956	-0.0441381433344968
3.19	0.279385463629277	-0.050664078118628
3.2	0.287714192268799	-0.0571250787640013
3.21	0.295878000976287	-0.0635217913761197
3.22	0.303880155386288	-0.0698548556316288
3.23	0.311723856469433	-0.0761249048422848
3.24	0.319412241812863	-0.0823325660182866
3.25	0.326948386875312	-0.088478459930977
3.26	0.334335306217332	-0.0945632011749204
3.27	0.341575954707154	-0.100587398229363
3.28	0.348673228702679	-0.106551653519081
3.29	0.355629967210061	-0.112456563474624
3.3	0.362448953019346	-0.118302718591958
3.31	0.369132913817625	-0.124090703491515
3.32	0.375684523280151	-0.129821096976657
3.33	0.38210640213984	-0.135494472091556
3.34	0.388401119235601	-0.1411113961785
3.35	0.394571192539911	-0.146672430934624
3.36	0.400619090166031	-0.152178132468086
3.37	0.40654723135529	-0.157629051353674
3.38	0.412357987444813	-0.163025732687863
3.39	0.418053682816089	-0.16836871614333
3.4	0.423636595824754	-0.173658536022918
3.41	0.429108959711962	-0.178895721313067
3.42	0.434472963497719	-0.184080795736715
3.43	0.439730752856513	-0.189214277805669
3.44	0.444884430975617	-0.194296680872456
3.45	0.449936059396392	-0.199328513181662
3.46	0.454887658838931	-0.204310277920752
3.47	0.459741210010375	-0.209242473270394
3.48	0.464498654397223	-0.214125592454275
3.49	0.469161895041952	-0.218960123788423
3.5	0.473732797304261	-0.22374655073004
3.51	0.47821318960724	-0.228485351925851
3.52	0.482604864168764	-0.233177001259964
3.53	0.486909577718404	-0.23782196790126
3.54	0.491129052200142	-0.242420716350315
3.55	0.495264975461177	-0.246973706485843
3.56	0.499319001927078	-0.251481393610691
3.57	0.503292753263586	-0.255944228497366
3.58	0.507187819025296	-0.260362657433112
3.59	0.511005757291503	-0.264737122264543
3.6	0.514748095289455	-0.269068060441824
3.61	0.518416330005263	-0.273355905062418
3.62	0.522011928782719	-0.277601084914396
3.63	0.52553632991025	-0.281804024519317
3.64	0.528990943196253	-0.285965144174679
3.65	0.532377150533043	-0.29008485999595
3.66	0.535696306449622	-0.294163583958181
3.67	0.538949738653511	-0.298201723937199
3.68	0.542138748561853	-0.302199683750404
3.69	0.545264611821997	-0.30615786319714
3.7	0.548328578821772	-0.310076658098684
3.71	0.551331875189663	-0.313956460337826
3.72	0.554275702285074	-0.317797657898055
3.73	0.557161237678893	-0.321600634902359
3.74	0.559989635624534	-0.325365771651642
3.75	0.562762027519654	-0.329093444662746
3.76	0.565479522358728	-0.332784026706111
3.77	0.568143207176662	-0.336437886843047
3.78	0.570754147483621	-0.340055390462644
3.79	0.573313387691249	-0.343636899318309
3.8	0.575821951530445	-0.347182771563942
3.81	0.578280842460874	-0.350693361789753
3.82	0.580691044072358	-0.354169021057718
3.83	0.583053520478334	-0.35761009693669
3.84	0.585369216701502	-0.361016933537153
3.85	0.587639059051857	-0.364389871545637
3.86	0.589863955497218	-0.367729248258779
3.87	0.592044796026432	-0.371035397617063
3.88	0.594182453005381	-0.374308650238207
3.89	0.596277781525937	-0.377549333450228
3.9	0.598331619748015	-0.380757771324176
3.91	0.600344789234844	-0.383934284706539
3.92	0.602318095281609	-0.387079191251328
3.93	0.604252327237573	-0.390192805451845
3.94	0.606148258821832	-0.393275438672132
3.95	0.608006648432815	-0.396327399178104
3.96	0.609828239451647	-0.399348992168382
3.97	0.611613760539519	-0.402340519804808
3.98	0.613363925929156	-0.405302281242664
3.99	0.615079435710524	-0.408234572660586
4	0.616760976110874	-0.411137687290184
4.01	0.618409219769244	-0.414011915445366
4.02	0.62002482600552	-0.416857544551365
4.03	0.621608441084176	-0.419674859173488
4.04	0.623160698472788	-0.422464141045569
4.05	0.624682219095429	-0.425225669098142
4.06	0.626173611581047	-0.427959719486337
4.07	0.627635472506927	-0.430666565617495
4.08	0.629068386637327	-0.433346478178506
4.09	0.630472927157392	-0.435999725162884
4.1	0.63184965590244	-0.438626571897559
4.11	0.633199123582697	-0.441227281069416
4.12	0.634521870003595	-0.443802112751562
4.13	0.635818424281697	-0.446351324429332
4.14	0.637089305056353	-0.448875171026039
4.15	0.638335020697164	-0.451373904928468
4.16	0.639556069507333	-0.453847776012113
4.17	0.640752939922995	-0.456297031666163
4.18	0.6419261107086	-0.458721916818246
4.19	0.615354184481755	-0.447192440625585
4.2	0.589308417823437	-0.43577768464262
4.21	0.563778392072643	-0.424476507384145
4.22	0.538753894871748	-0.413287778722922
4.23	0.514224916081428	-0.402210379776666
4.24	0.490181643776461	-0.391243202796158
4.25	0.466614460320828	-0.380385151054469
4.26	0.443513938520529	-0.369635138737285
4.27	0.420870837852571	-0.358992090834326
4.28	0.39867610076864	-0.348454943031843
4.29	0.376920849071953	-0.338022641606185
4.3	0.355596380365863	-0.32769414331843
4.31	0.334694164572778	-0.317468415310055
4.32	0.314205840522018	-0.30734443499965
4.33	0.294123212605228	-0.297321189980665
4.34	0.274438247498028	-0.287397677920159
4.35	0.25514307094657	-0.277572906458573
4.36	0.236229964617733	-0.267845893110493
4.37	0.217691363011683	-0.258215665166395
4.38	0.199519850435567	-0.248681259595378
4.39	0.181708158037143	-0.239241722948861
4.4	0.16424916089713	-0.229896111265233
4.41	0.147135875179152	-0.220643489975458
4.42	0.130361455336105	-0.211482933809621
4.43	0.113919191371843	-0.202413526704393
4.44	0.0978025061570916	-0.19343436171143
4.45	0.0820049527985063	-0.184544540906674
4.46	0.0665202120598255	-0.175743175300562
4.47	0.0513420898340915	-0.167029384749126
4.48	0.0364645146659234	-0.158402297865975
4.49	0.0218815353228519	-0.149861051935159
4.5	0.00758731841474566	-0.141404792824895
4.51	-0.00642385393962419	-0.133032674902155
4.52	-0.0201575863998144	-0.1247438609481
4.53	-0.0336193726456495	-0.116537522074356
4.54	-0.0468145975747688	-0.108412837640129
4.55	-0.0597485394566583	-0.100368995170137
4.56	-0.0724263720440305	-0.0924051902733614
4.57	-0.084853166642396	-0.0845206265626098
4.58	-0.0970338941386543	-0.076714515574874
4.59	-0.108973426989517	-0.0689860766924848
4.6	-0.120676541170555	-0.0613345370650484
4.61	-0.132147918086656	-0.0537591315321617
4.62	-0.14339214644465	-0.0462591025468948
4.63	-0.154413724088851	-0.0388337001000361
4.64	-0.165217059800259	-0.0314821816450907
4.65	-0.175806475060134	-0.0242038120240251
4.66	-0.186186205778644	-0.0169978633937507
4.67	-0.196360403989285	-0.00986361515333901
4.68	-0.206333139509759	-0.00280035387196076
4.69	-0.216108401569946	0.00419262678245756
4.7	-0.225690100407659	0.0111160261138676
4.71	-0.235082068832787	0.0179705364680303
4.72	-0.244288063760473	0.0247568433017507
4.73	-0.25331176771393	0.0314756252514244
4.74	-0.262156790297504	0.0381275542009018
4.75	-0.27082666964056	0.0447132953486771
4.76	-0.279324873812784	0.0512335072744086
4.77	-0.287654802211459	0.057688842004777
4.78	-0.295819786921269	0.0640799450786891
4.79	-0.303823094047179	0.070407455611832
4.8	-0.311667925020919	0.076672006360585
4.81	-0.319357417881605	0.0828742237852961
4.82	-0.326894648530992	0.0890147281129284
4.83	-0.334282631963881	0.0950941333990835
4.84	-0.341524323474153	0.101113047589407
4.85	-0.348622619836934	0.107072072580384
4.86	-0.355580360467336	0.112971804279531
4.87	-0.362400328556269	0.118812832664982
4.88	-0.36908525218375	0.124595741844493
4.89	-0.375637805410175	0.13032111011385
4.9	-0.38206060934598	0.135989510014699
4.91	-0.388356233200117	0.141601508391801
4.92	-0.394527195307777	0.147157666449718
4.93	-0.400575964137756	0.152658539808932
4.94	-0.406504959279876	0.15810467856141
4.95	-0.412316552412856	0.163496627325611
4.96	-0.418013068253011	0.16883492530095
4.97	-0.423596785484177	0.174120106321718
4.98	-0.42906993766921	0.179352698910466
4.99	-0.434434714143443	0.184533226330857
5	-0.43969326089045	0.189662206639994
5.01	-0.444847681400472	0.194740152740225
5.02	-0.449900037511834	0.199767572430434
5.03	-0.454852350235716	0.204744968456823
5.04	-0.459706600564582	0.209672838563183
5.05	-0.464464730264602	0.214551675540672
5.06	-0.46912864265239	0.219381967277097
5.07	-0.473700203356349	0.224164196805695
5.08	-0.478181241062955	0.228898842353446
5.09	-0.482573548248254	0.233586377388888
5.1	-0.486878881894874	0.238227270669473
5.11	-0.491098964194847	0.242821986288433
5.12	-0.495235483238503	0.247370983721199
5.13	-0.499290093689736	0.251874717871342
5.14	-0.503264417447888	0.256333639116069
5.15	-0.50716004429653	0.260748193351258
5.16	-0.5109785325394	0.265118822036047
5.17	-0.514721409623743	0.269445962236985
5.18	-0.518390172751313	0.273730046671733
5.19	-0.521986289477273	0.277971503752342
5.2	-0.525511198297237	0.282170757628089
5.21	-0.528966309222688	0.286328228227896
5.22	-0.532353004345	0.290444331302324
5.23	-0.535672638388296	0.294519478465144
5.24	-0.538926539251357	0.298554077234503
5.25	-0.542116008538794	0.302548531073673
5.26	-0.545242322081715	0.306503239431402
5.27	-0.548306730448067	0.310418597781853
5.28	-0.551310459442888	0.314294997664157
5.29	-0.55425471059864	0.318132826721566
5.3	-0.557140661655839	0.321932468740215
5.31	-0.559969467034171	0.325694303687505
5.32	-0.562742258294272	0.329418707750097
5.33	-0.565460144590368	0.333106053371532
5.34	-0.568124213113952	0.336756709289477
5.35	-0.570735529528679	0.340371040572595
5.36	-0.573295138396638	0.343949408657057
5.37	-0.5758040635962	0.347492171382685
5.38	-0.578263308731577	0.350999683028732
5.39	-0.58067385753428	0.354472294349316
5.4	-0.583036674256625	0.357910352608491
5.41	-0.585352704057445	0.361314201614978
5.42	-0.587622873380168	0.364684181756542
5.43	-0.58984809032341	0.368020630034034
5.44	-0.592029245004219	0.37132388009509
5.45	-0.594167209914142	0.374594262267497
5.46	-0.596262840268229	0.377832103592225
5.47	-0.598316974347131	0.381037727856132
5.48	-0.600330433832425	0.384211455624342
5.49	-0.602304024135298	0.387353604272304
5.5	-0.604238534718721	0.390464488017527
5.51	-0.606134739413244	0.393544417951005
5.52	-0.607993396726542	0.396593702068323
5.53	-0.609815250146828	0.399612645300459
5.54	-0.611601028440254	0.402601549544279
5.55	-0.613351445942432	0.405560713692722
5.56	-0.615067202844177	0.408490433664694
5.57	-0.616748985471592	0.411391002434658
5.58	-0.618397466560607	0.414262710061932
5.59	-0.620013305526085	0.417105843719698
5.6	-0.621597148725595	0.419920687723713
5.61	-0.623149629717963	0.422707523560747
5.62	-0.624671369516708	0.425466629916731
5.63	-0.626162976838451	0.428198282704621
5.64	-0.627625048346414	0.430902755091996
5.65	-0.62905816888909	0.433580317528371
5.66	-0.630462911734194	0.436231237772245
5.67	-0.631839838797975	0.438855780917871
5.68	-0.63318950086999	0.441454209421775
5.69	-0.63451243783343	0.444026783128993
5.7	-0.635809178881077	0.446573759299063
5.71	-0.637080242726993	0.449095392631744
5.72	-0.638326137814009	0.451591935292492
5.73	-0.639547362517108	0.454063636937676
5.74	-0.640744405342785	0.45651074473954
5.75	-0.641917745124458	0.458933503410924
5.76	-0.615345984547333	0.447401921896402
5.77	-0.58930038025865	0.435985081539879
5.78	-0.563770513662355	0.42468184064771
5.79	-0.538746172464489	0.413491068886292
5.8	-0.514217346588129	0.402411647169029
5.81	-0.490174224169222	0.391442467544422
5.82	-0.466607187631706	0.380582433085277
5.83	-0.443506809840348	0.369830457779007
5.84	-0.420863850329762	0.359185466419029
5.85	-0.398669251608099	0.348646394497249
5.86	-0.376914135533923	0.338212188097602
5.87	-0.355589799764838	0.327881803790666
5.88	-0.334687714276428	0.317654208529315
5.89	-0.314199517950135	0.307528379545414
5.9	-0.294117015228699	0.29750330424754
5.91	-0.274432172837817	0.287577980119727
5.92	-0.255137116572731	0.277751414621205
5.93	-0.236224128148435	0.268022625087155
5.94	-0.217685642112259	0.258390638630434
5.95	-0.19951424281758	0.248854492044288
5.96	-0.181702661457468	0.239413231706032
5.97	-0.164243773157062	0.230065913481685
5.98	-0.147130594123521	0.220811602631557
5.99	-0.130356278852416	0.211649373716772
6	-0.113914117389433	0.202578310506728
6.01	-0.0977975326462995	0.193597505887468
6.02	-0.0820000777698592	0.18470606177097
6.03	-0.0665154335632457	0.175903089005338
6.04	-0.0513374059581153	0.167187707285887
6.05	-0.0364599235369367	0.158559045067108
6.06	-0.0218770351043406	0.150016239475516
6.07	-0.0075829073065612	0.141558436223361
6.08	0.00642817770198512	0.1331847895232
6.09	0.0201618245459155	0.124894462003312
6.1	0.033623526870807	0.116686624623969
6.11	0.0468186695407292	0.108560456594523
6.12	0.0597525307922634	0.100515145291331
6.13	0.0724302843458688	0.0925498861764917
6.14	0.0848570014754415	0.0846638827173879
6.15	0.0970376530368925	0.0768563463070361
6.16	0.108977111456558	0.0691264961852233
6.17	0.120680152680236	0.061473559360431
6.18	0.132151458083631	0.0538967705325348
6.19	0.143395616344964	0.0463953720162743
6.2	0.154417125280512	0.0389686136654838
6.21	0.165220393643791	0.0316157527980766
6.22	0.175809742889119	0.0243360541217769
6.23	0.186189408900257	0.0171287896605895
6.24	0.19636354368482	0.00999323868200173
6.25	0.206336217035136	0.00292868762490937
6.26	0.216111418156217	-0.00406556997173975
6.27	0.2256930572615	-0.0109902335395926
6.28	0.235084967136979	-0.0178459955508347
6.29	0.244290904674378	-0.024633541587438
6.3	0.253314552373952	-0.0313535504097194
6.31	0.262159519817545	-0.0380066940242176
6.32	0.270829345112464	-0.0445936377508943
6.33	0.279327496306777	-0.0511150402896666
6.34	0.287657372776575	-0.0575715537862777
6.35	0.295822306585768	-0.063963823897512
6.36	0.303825563818961	-0.0702924898557611
6.37	0.311670345887927	-0.0765581845329479
6.38	0.319359790812218	-0.0827615345038143
6.39	0.326896974474415	-0.088903160108579
6.4	0.334284911850523	-0.0949836755149719
6.41	0.341526558216	-0.101003688779652
6.42	0.348624810327912	-0.106963801909013
6.43	0.355582507583672	-0.112864610919385
6.44	0.362402433156839	-0.118706705896635
6.45	0.369087315110423	-0.124490671055179
6.46	0.375639827488149	-0.130217084796402
6.47	0.382062591384114	-0.135886519766497
6.48	0.388358175991253	-0.141499542913733
6.49	0.394529099629059	-0.147056715545151
6.5	0.400577830750937	-0.152558593382691
6.51	0.406506788931627	-0.158005726618768
6.52	0.412318345835063	-0.16339865997129
6.53	0.418014826163067	-0.168737932738132
6.54	0.42359850858527	-0.174024078851066
6.55	0.429071626650604	-0.179257626929151
6.56	0.434436369680753	-0.184439100331602
6.57	0.439694883645915	-0.189569017210119
6.58	0.444849272023214	-0.194647890560709
6.59	0.449901596638125	-0.199676228274981
6.6	0.454853878489228	-0.20465453319094
6.61	0.459708098556637	-0.209583303143268
6.62	0.464466198594417	-0.214463031013109
6.63	0.469130081907316	-0.219294204777357
6.64	0.473701614112109	-0.224077307557454
6.65	0.47818262388387	-0.228812817667706
6.66	0.482574903687471	-0.23350120866311
6.67	0.486880210494588	-0.23814294938671
6.68	0.491100266486514	-0.242738504016488
6.69	0.495236759743059	-0.247288332111773
6.7	0.4992913449178	-0.251792888659206
6.71	0.503265643899968	-0.256252624118232
6.72	0.507161246463223	-0.260667984466151
6.73	0.510979710901589	-0.265039411242716
6.74	0.51472256465279	-0.269367341594282
6.75	0.518391304909245	-0.273652208317529
6.76	0.521987399216969	-0.277894439902735
6.77	0.525512286062607	-0.282094460576629
6.78	0.528967375448853	-0.286252690344815
6.79	0.532354049458465	-0.290369545033769
6.8	0.535673662807122	-0.294445436332425
6.81	0.538927543385323	-0.298480771833345
6.82	0.542116992789569	-0.302475955073475
6.83	0.545243286843012	-0.306431385574501
6.84	0.548307676105805	-0.310347458882804
6.85	0.551311386375342	-0.31422456660901
6.86	0.554255619176595	-0.318063096467156
6.87	0.557141552242739	-0.321863432313458
6.88	0.559970339986263	-0.325625954184701
6.89	0.562743113960749	-0.329351038336237
6.9	0.565460983313507	-0.333039057279619
6.91	0.568125035229256	-0.336690379819844
6.92	0.570736335365003	-0.34030537109224
6.93	0.573295928276328	-0.343884392598977
6.94	0.575804837835219	-0.347427802245218
6.95	0.578264067639632	-0.350935954374911
6.96	0.580674601414943	-0.354409199806222
6.97	0.583037403407459	-0.357847885866616
6.98	0.58535341877012	-0.361252356427596
6.99	0.58762357394058	-0.364622951939082
7	0.589848777011791	-0.367960009463463
7.01	0.592029918095255	-0.3712638627093
7.02	0.594167869677078	-0.374534842064698
7.03	0.596263486966979	-0.377773274630348
7.04	0.598317608240384	-0.38097948425223
7.05	0.600331055173746	-0.384153791554006
7.06	0.602304633173233	-0.387296513969078
7.07	0.604239131696892	-0.390407965772334
7.08	0.606135324570451	-0.393488458111571
7.09	0.607993970296857	-0.396538299038618
7.1	0.609815812359685	-0.399557793540134
7.11	0.611601579520547	-0.402547243568111
7.12	0.613351986110601	-0.405506948070068
7.13	0.615067732316296	-0.408437203018946
7.14	0.616749504459457	-0.411338301442707
7.15	0.61839797527182	-0.414210533453635
7.16	0.620013804164138	-0.417054186277349
7.17	0.621597637489949	-0.419869544281525
7.18	0.623150108804131	-0.422656889004333
7.19	0.624671839116331	-0.425416499182592
7.2	0.626163437139376	-0.428148650779642
7.21	0.627625499532767	-0.430853617012943
7.22	0.629058611141352	-0.433531668381394
7.23	0.630463345229271	-0.436183072692388
7.24	0.631840263709272	-0.438808095088587
7.25	0.633189917367476	-0.441406998074439
7.26	0.634512846083711	-0.443980041542432
7.27	0.635809579047458	-0.446527482799078
7.28	0.637080634969547	-0.449049576590647
7.29	0.638326522289636	-0.451546575128641
7.3	0.639547739379605	-0.454018728115015
7.31	0.640744774742903	-0.456466282767149
7.32	0.641918107209961	-0.458889483842569
7.33	0.61534633946306	-0.447358340330088
7.34	0.589300728146573	-0.435941933617413
7.35	0.563770854661633	-0.424639122054265
7.36	0.538746506711526	-0.413448775349971
7.37	0.514217674216629	-0.402369774460443
7.38	0.490174545310241	-0.391401011476266
7.39	0.466607502413705	-0.380541389511908
7.4	0.443507118389243	-0.369789822596033
7.41	0.420864152768978	-0.359145235562899
7.42	0.398669548058616	-0.348606563944842
7.43	0.376914426114324	-0.33817275386583
7.44	0.355590084591359	-0.327842761936073
7.45	0.334687993463004	-0.317615555147682
7.46	0.314199791608445	-0.30749011077137
7.47	0.294117283468209	-0.297465416254176
7.48	0.274432435765828	-0.287540469118211
7.49	0.255137374294416	-0.277714276860407
7.5	0.236224380766888	-0.267985856853266
7.51	0.217685889728529	-0.2583542362466
7.52	0.199514485530718	-0.248818451870241
7.53	0.181702899364562	-0.239377550137723
7.54	0.164244006353278	-0.230030586950928
7.55	0.147130822702142	-0.220776627605668
7.56	0.130356502904876	-0.21161474669822
7.57	0.113914337005355	-0.202544028032782
7.58	0.0977977479135331	-0.193563564529851
7.59	0.0820002887745146	-0.184672458135518
7.6	0.0665156403897275	-0.17586981973166
7.61	0.0513376086891571	-0.167154769047027
7.62	0.0364601222536335	-0.158526434569214
7.63	0.0218772298861819	-0.149983953457511
7.64	0.00758309823146233	-0.141526471456617
7.65	-0.0064279905576516	-0.133153142811212
7.66	-0.0201616411072893	-0.124863130181383
7.67	-0.0336233470645102	-0.11665560455889
7.68	-0.0468184932948368	-0.108529745184262
7.69	-0.0597523580362747	-0.100484739464721
7.7	-0.072430115010679	-0.0925197828929234
7.71	-0.0848568354933142	-0.0846340789665084
7.72	-0.0970374903414326	-0.0768268391084451
7.73	-0.108976951982685	-0.0690972825881762
7.74	-0.120679996364159	-0.0614446364435434
7.75	-0.13215130486282	-0.0538681354034908
7.76	-0.14339546615813	-0.0463670218115368
7.77	-0.154416978067577	-0.0389405455500084
7.78	-0.165220249345868	-0.0315879639650282
7.79	-0.175809601448488	-0.0243085417922489
7.8	-0.186189270260339	-0.0171015510833257
7.81	-0.196363407790157	-0.00996627113312141
7.82	-0.206336083831368	-0.002901988407635
7.83	-0.216111287590062	0.00409200352735237
7.84	-0.225692929280729	0.0110164040769213
7.85	-0.235084841690398	0.0178719056869552
7.86	-0.244290781711806	0.0246591939133858
7.87	-0.253314431846203	0.0313789474907486
7.88	-0.262159401676406	0.0380318384000577
7.89	-0.270829229310677	0.0446185319360041
7.9	-0.27932738279802	0.0511396867734855
7.91	-0.287657261515442	0.0575959550334749
7.92	-0.295822197527755	0.0639879823482326
7.93	-0.303825456920442	0.0703164079258707
7.94	-0.311670241106141	0.0765818646142736
7.95	-0.319359688105251	0.0827849789643841
7.96	-0.326896873801183	0.0889263712928587
7.97	-0.334284813170755	0.0950066557440995
7.98	-0.341526461490223	0.10102644035167
7.99	-0.348624715517435	0.106986327099097
8	-0.355582414650569	0.112886911980073
8.01	-0.362402342063935	0.118728785058053
8.02	-0.369087225821279	0.124512530525261
8.03	-0.37563973996705	0.130238726761113
8.04	-0.382062505596049	0.135907946390052
8.05	-0.388358091901907	0.141520756338814
8.06	-0.394529017204793	0.147077717893116
8.07	-0.400577749958782	0.152579386753793
8.08	-0.406506709739265	0.158026313092362
8.09	-0.412318268210814	0.163419041606041
8.1	-0.418014750075883	0.168758111572221
8.11	-0.423598434004713	0.174044056902392
8.12	-0.429071553546841	0.179277406195537
8.13	-0.434436298024542	0.18445868279099
8.14	-0.439694813408592	0.189588404820773
8.15	-0.444849203176684	0.194667085261405
8.16	-0.449901529154848	0.199695231985207
8.17	-0.45485381234221	0.204673347811082
8.18	-0.459708033719418	0.209601930554804
8.19	-0.464466135041062	0.214481473078795
8.2	-0.469130019612402	0.219312463341415
8.21	-0.473701553050717	0.224095384445758
8.22	-0.478182564031576	0.228830714687958
8.23	-0.482574845020332	0.233518927605027
8.24	-0.486880152989136	0.238160492022203
8.25	-0.491100210119747	0.242755872099833
8.26	-0.495236704492429	0.247305527379794
8.27	-0.499291290761206	0.251809912831444
8.28	-0.503265590815747	0.256269478897119
8.29	-0.507161194430141	0.26068467153718
8.3	-0.510979659898831	0.265055932274606
8.31	-0.514722514659954	0.269383698239152
8.32	-0.518391255906335	0.273668402211056
8.33	-0.521987351184381	0.277910472664322
8.34	-0.525512238981129	0.282110333809567
8.35	-0.528967329299651	0.286268405636439
8.36	-0.532354004223078	0.290385103955622
8.37	-0.535673618467456	0.294460840440413
8.38	-0.538927499923642	0.298496022667891
8.39	-0.542116950188487	0.302491054159675
8.4	-0.545243245085488	0.306446334422277
8.41	-0.548307635175136	0.310362258987053
8.42	-0.551311346255154	0.314239219449756
8.43	-0.554255579850841	0.318077603509694
8.44	-0.557141513695688	0.321877795008505
8.45	-0.559970302202495	0.325640173968538
8.46	-0.562743076925149	0.329365116630856
8.47	-0.565460947011262	0.333052995492859
8.48	-0.568124999645843	0.336704179345539
8.49	-0.570736300486189	0.340319033310355
8.5	-0.573295894088162	0.343897918875744
8.51	-0.575804804324024	0.347441193933278
8.52	-0.578264034792003	0.350949212813442
8.53	-0.580674569217741	0.35442232632108
8.54	-0.583037371847804	0.357860881770464
8.55	-0.585353387835389	0.361265223020034
8.56	-0.587623543618398	0.364635690506781
8.57	-0.589848747290028	0.36797262128029
8.58	-0.592029888962023	0.371276349036448
8.59	-0.594167841120723	0.37454720415081
8.6	-0.596263458976078	0.377785513711642
8.61	-0.598317580803739	0.380991601552626
8.62	-0.600331028280384	0.384165788285244
8.63	-0.602304606812395	0.387308391330841
8.64	-0.604239105858034	0.390419724952367
8.65	-0.606135299243237	0.393500100285804
8.66	-0.607993945471155	0.396549825371276
8.67	-0.609815788025566	0.399569205183861
8.68	-0.611601555668275	0.402558541664081
8.69	-0.613351962730636	0.4055181337481
8.7	-0.615067709399286	0.408448277397617
8.71	-0.616749481996234	0.411349265629465
8.72	-0.618397953253399	0.414221388544907
8.73	-0.620013782581711	0.417064933358654
8.74	-0.621597616334883	0.41988018442758
8.75	-0.623150088067964	0.422667423279161
8.76	-0.624671818790767	0.42542692863963
8.77	-0.626163417216285	0.428158976461844
8.78	-0.62762548000418	0.430863839952886
8.79	-0.629058591999457	0.433541789601381
8.8	-0.630463326466412	0.436193093204549
8.81	-0.631840245317942	0.438818015894982
8.82	-0.633189899340319	0.441416820167158
8.83	-0.634512828413515	0.443989765903691
8.84	-0.635809561727156	0.446537110401322
8.85	-0.63708061799221	0.449059108396643
8.86	-0.638326505648473	0.451556012091579
8.87	-0.639547723067959	0.454028071178599
8.88	-0.64074475875425	0.456475532865693
8.89	-0.641918091537904	0.458898641901091
8.9	-0.615346324101331	0.447367407264401
8.91	-0.589300713089026	0.435950910334219
8.92	-0.563770839902246	0.424648009451242
8.93	-0.538746492244395	0.413457574315867
8.94	-0.514217660035966	0.402378485875162
8.95	-0.490174531410374	0.391409636210957
8.96	-0.466607488789073	0.380549928429052
8.97	-0.443507105034398	0.369798276549528
8.98	-0.420864139678577	0.359153605398147
8.99	-0.398669535227421	0.348614850498835
9	-0.376914413537205	0.33818095796723
9.01	-0.355590072263284	0.327850884405296
9.02	-0.334687981379041	0.317623596796983
9.03	-0.314199779763761	0.30749807240492
9.04	-0.294117271858065	0.297473298668145
9.05	-0.27443242438558	0.287548273100848
9.06	-0.255137363139513	0.277722003192115
9.07	-0.236224369832866	0.267993506306687
9.08	-0.217685879011016	0.258361809586684
9.09	-0.199514475025425	0.248825949854328
9.1	-0.181702889067289	0.239384973515619
9.11	-0.164243996259904	0.230037936464977
9.12	-0.14713081280863	0.220783903990827
9.13	-0.130356493207269	0.211621950682135
9.14	-0.113914327499774	0.202551160335856
9.15	-0.0977977385961748	0.193570625865321
9.16	-0.0820002796416524	0.184679449209523
9.17	-0.0665156314377082	0.175876741243313
9.18	-0.0513375999143997	0.167161621688485
9.19	-0.036460113652628	0.158533219025748
9.2	-0.0218772214554878	0.149990670407572
9.21	-0.00758308996770718	0.141533121571905
9.22	0.00642799865777338	0.133159726756744
9.23	0.0201616490470179	0.12486964861556
9.24	0.0336233548470216	0.116662058133561
9.25	0.0468185009232441	0.108536134544789
9.26	0.0597523655136293	0.100491065250046
9.27	0.0724301223399721	0.0925260457356301
9.28	0.0848568426774775	0.0846402794928863
9.29	0.0970374973833399	0.0768329779385521
9.3	0.108976958885153	0.0691033603359006
9.31	0.120680003129949	0.061450653716665
9.32	0.132151311494638	0.0538740928037419
9.33	0.143395472658629	0.0463729199346625
9.34	0.154416984439358	0.0389463849858259
9.35	0.165220255591479	0.0315937452974862
9.36	0.175809607570427	0.0243142655994853
9.37	0.186189276261056	0.0171072179377261
9.38	0.196363413672052	0.00997188160137611
9.39	0.206336089596794	0.00290754305079548
9.4	0.216111293241325	-0.00408650415381711
9.41	0.225692934820089	-0.0110109594230693
9.42	0.235084847120071	-0.0178665152083165
9.43	0.244290787033964	-0.0246538570709079
9.44	0.253314437062976	-0.0313736637507428
9.45	0.26215940678988	-0.0380266072341456
9.46	0.270829234322898	-0.0446133528210647
9.47	0.279327387710992	-0.051134559191603
9.48	0.28765726633113	-0.0575908784718866
9.49	0.295822202248086	-0.0639829562992783
9.5	0.303825461547304	-0.0703114318869411
9.51	0.311670245641385	-0.0765769380877607
9.52	0.319359692550692	-0.0827801014576311
9.53	0.326896878158598	-0.0889215423181108
9.54	0.334284817441887	-0.0950018748184552
9.55	0.341526465676781	-0.101021706997032
9.56	0.348624719621093	-0.106981640842127
9.57	0.355582418672969	-0.112882272352141
9.58	0.362402346006686	-0.118724191595192
9.59	0.369087229685959	-0.124507982768122
9.6	0.375639743755204	-0.130234224254915
9.61	0.382062509309193	-0.135903488684541
9.62	0.388358095541525	-0.141516342988215
9.63	0.394529020772342	-0.147073348456092
9.64	0.400577753455689	-0.152575060793396
9.65	0.406506713166928	-0.158022030175991
9.66	0.412318271570605	-0.163414801305402
9.67	0.418014753369145	-0.16875391346328
9.68	0.423598437232765	-0.174039900565334
9.69	0.429071556710973	-0.179273291214726
9.7	0.43443630112602	-0.184454608754924
9.71	0.439694816448657	-0.189584371322045
9.72	0.444849206156552	-0.194663091896662
9.73	0.44990153207571	-0.199691278355108
9.74	0.454853815205235	-0.204669433520262
9.75	0.459708036525751	-0.209598055211829
9.76	0.464466137791826	-0.214477636296129
9.77	0.469130022308697	-0.219308664735377
9.78	0.473701555693622	-0.224091623636482
9.79	0.478182566622148	-0.228826991299362
9.8	0.482574847559607	-0.233515241264768
9.81	0.48688015547813	-0.238156842361643
9.82	0.491100212559456	-0.242752258754005
9.83	0.495236706883828	-0.247301949987359
9.84	0.499291293105253	-0.25180637103466
9.85	0.503265593113378	-0.256265972341803
9.86	0.507161196682275	-0.260681199872673
9.87	0.510979662106371	-0.26505249515374
9.88	0.514722516823782	-0.269380295318212
9.89	0.518391258027315	-0.273665033149746
9.9	0.521987353263364	-0.277907137125734
9.91	0.525512241018945	-0.282107031460143
9.92	0.528967331297115	-0.286265136145943
9.93	0.53235400618099	-0.290381866997102
9.94	0.535673620386598	-0.294457635690169
9.95	0.538927501804783	-0.298492849805446
9.96	0.542116952032379	-0.30248791286774
9.97	0.545243246892869	-0.306443224386721
9.98	0.548307636946728	-0.310359179896869
9.99	0.551311347991667	-0.314236170997032
10	0.554255581552968	-0.318074585389583
10	0.554255581552968	-0.318074585389583
